31.10.2020	03409993	22873	47101
31.10.2020	03410010	974	111710
31.10.2020	03410011	8775	113148
31.10.2020	03410035	8506	52366
31.10.2020	03410037	17736	63673
31.10.2020	03410108	40	126413
31.10.2020	03410125	13869	103793
31.10.2020	03410165	245	111930
31.10.2020	03410166	5113	143159
31.10.2020	03410167	62148	71359
31.10.2020	03410168	9945	95456
31.10.2020	03410170	16647	131044
31.10.2020	03410171	47861	110640
31.10.2020	03410172	74	111406
31.10.2020	03410173	245	21417
31.10.2020	84231810	2	56180
31.10.2020	3410175	21758	60190
31.10.2020	03410176	35043	176443
31.10.2020	03410177	14489	132827
31.10.2020	03410178	13869	127929
31.10.2020	03410179	12036	66168
31.10.2020	03455452	1126	89405
31.10.2020	03455453	35	156798
31.10.2020	03455454	36	148252
31.10.2020	03455455	39802	117151
31.10.2020	03455457	5928	79789
31.10.2020	03455458	16720	53244
31.10.2020	03455461	17739	100194
31.10.2020	03455462	544	154269
31.10.2020	03513823	5037	133490
31.10.2020	03513826	61555	41993
31.10.2020	03513827	35373	39709
31.10.2020	03513832	9888	123875
31.10.2020	03513834	3553	119994
31.10.2020	03513835	4736	152651
31.10.2020	03513856	30453	58045
31.10.2020	03514015	276	127067
31.10.2020	03514023	2682	16431
31.10.2020	03514024	6	118575
31.10.2020	03514033	1593	104885
31.10.2020	03514034	36519	24214
31.10.2020	03514035	9598	95249
31.10.2020	03514039	1	116710
31.10.2020	03514041	4580	92201
31.10.2020	03514042	5265	3797
31.10.2020	03514043	2817	122985
31.10.2020	84390976	8	23380
31.10.2020	03514047	8854	111884
31.10.2020	03514048	1077	140621
31.10.2020	03514051	5132	122379
31.10.2020	03514052	792	109403
31.10.2020	03514053	204	119492
31.10.2020	03514054	127	126146
31.10.2020	03514055	15	29455
31.10.2020	03514056	4761	103248
31.10.2020	84503954	103	22382
31.10.2020	03514058	20159	89509
31.10.2020	03514059	6997	51062
31.10.2020	03514061	85	126894
31.10.2020	03514062	12324	152287
31.10.2020	03514063	4421	137970
31.10.2020	03514064	5238	135884
31.10.2020	03514065	530	125290
31.10.2020	03514067	3347	77503
31.10.2020	03514068	12050	148508
31.10.2020	03514070	38283	34456
31.10.2020	03514072	21	78579
31.10.2020	03514074	8203	151392
31.10.2020	03514075	12819	80546
31.10.2020	03514077	4393	129623
31.10.2020	03514078	4673	64510
31.10.2020	03514080	6337	88985
31.10.2020	03514101	5080	121331
31.10.2020	03514111	5400	126234
31.10.2020	03514116	10684	62948
31.10.2020	03514268	7215	121365
31.10.2020	03514317	97	121581
31.10.2020	03514319	5843	107519
31.10.2020	84105168	1	5167
31.10.2020	43250372	288	114062
31.10.2020	84515452	8	18832
31.10.2020	43250376	4492	83226
31.10.2020	43250377	22	74246
31.10.2020	43250394	4806	104870
31.10.2020	43250395	2083	108715
31.10.2020	43250399	2254	77085
31.10.2020	43250401	8	98930
31.10.2020	83779196	102	3462
31.10.2020	43250409	3316	75444
31.10.2020	43250413	12167	28356
31.10.2020	43477049	3999	81000
31.10.2020	43477050	3	62462
31.10.2020	43477051	46	16372
31.10.2020	43477052	88	63019
31.10.2020	43477053	1399	90005
31.10.2020	43477076	3725	92164
31.10.2020	43477079	230	92360
31.10.2020	43477080	57	94836
31.10.2020	43477081	312	98382
31.10.2020	43477082	8	100087
31.10.2020	43477083	1250	102104
31.10.2020	43477106	2470	28204
31.10.2020	43477107	4767	78228
31.10.2020	43477108	3	11454
31.10.2020	43477114	204	92333
31.10.2020	43477123	2035	85291
31.10.2020	84105981	44	4065
31.10.2020	84271428	13	584
31.10.2020	43477142	1645	85811
31.10.2020	84500561	461	14921
31.10.2020	43783198	2006	52338
31.10.2020	43783199	569	87894
31.10.2020	43924729	3681	73689
31.10.2020	43924735	1	70751
31.10.2020	43924754	147	81008
31.10.2020	43924759	123	82735
31.10.2020	43924763	1743	93612
31.10.2020	43924798	903	51581
31.10.2020	43924799	1270	71327
31.10.2020	43924800	24	70233
31.10.2020	43924801	19	63371
31.10.2020	43924802	4	47847
31.10.2020	43924809	6323	77013
31.10.2020	43924820	12	69776
31.10.2020	43924824	87	64394
31.10.2020	43924826	2505	31087
31.10.2020	43924832	12	78639
31.10.2020	43924835	20	45304
31.10.2020	43924836	2	70220
31.10.2020	43924846	4390	73255
31.10.2020	43924847	31	68948
31.10.2020	43924850	48	78718
31.10.2020	43924858	4	67203
31.10.2020	43924862	5	62757
31.10.2020	43924891	2398	70470
31.10.2020	43924898	955	55847
31.10.2020	43924899	3341	63887
31.10.2020	43924928	5562	67176
31.10.2020	43924929	1	56521
31.10.2020	43924930	3	70288
31.10.2020	43924931	14431	67489
31.10.2020	43924932	1975	71062
31.10.2020	84391113	21	38851
31.10.2020	84271004	408	55834
31.10.2020	43952826	130	19553
31.10.2020	43952827	1614	67205
31.10.2020	43952828	196	64857
31.10.2020	43952841	8	87188
31.10.2020	43952842	2598	86565
31.10.2020	43952851	15	69276
31.10.2020	43952852	22	71640
31.10.2020	43952863	481	61720
31.10.2020	43952864	45	70159
31.10.2020	43952937	2	82979
31.10.2020	43952956	225	57882
31.10.2020	43952957	12	71727
31.10.2020	43952982	694	19186
31.10.2020	43953000	4321	59526
31.10.2020	43953001	1315	84631
31.10.2020	43953002	479	53555
31.10.2020	43953003	3097	75242
31.10.2020	43953004	1457	77945
31.10.2020	43953007	8	71758
31.10.2020	43953017	4315	60136
31.10.2020	43953025	4440	30290
31.10.2020	43953028	13	78417
31.10.2020	43953029	1	31227
31.10.2020	43953037	2725	111890
31.10.2020	43953113	3683	82093
31.10.2020	43953114	8	79486
31.10.2020	84515297	729	6997
31.10.2020	50527457	259	47079
31.10.2020	50527520	277	73601
31.10.2020	50890969	40955	54094
31.10.2020	53775356	49	57424
31.10.2020	53968517	516	35266
31.10.2020	54150152	9	51869
31.10.2020	54150172	4128	4697
31.10.2020	54150173	4318	28581
31.10.2020	84515458	83	7896
31.10.2020	54150187	735	40008
31.10.2020	54150193	0	40455
31.10.2020	54814873	329	20427
31.10.2020	54814939	5	13504
31.10.2020	84271096	425	66206
31.10.2020	03514046	12236	118546
31.10.2020	63077205	13035	49525
31.10.2020	63077206	99503	155510
31.10.2020	63077212	26303	14560
31.10.2020	84105894	546	106661
31.10.2020	63077221	41995	71549
31.10.2020	63077222	30373	63153
31.10.2020	63077231	7637	64511
31.10.2020	63077232	35480	137912
31.10.2020	84437302	1722	33931
31.10.2020	84483836	593	21009
31.10.2020	63077530	155844	137991
31.10.2020	63197223	112498	24872
31.10.2020	84483406	894	23724
31.10.2020	63197601	13847	43195
31.10.2020	63197612	114550	97184
31.10.2020	63197806	24196	61537
31.10.2020	63224871	13035	114791
31.10.2020	63224872	13645	108624
31.10.2020	63224873	2910	155811
31.10.2020	63224875	5563	49601
31.10.2020	63224879	29608	108121
31.10.2020	63224880	5956	132926
31.10.2020	63224884	10787	154927
31.10.2020	63224885	42012	29488
31.10.2020	63224886	21446	143594
31.10.2020	63224887	4340	72336
31.10.2020	63225515	7257	89280
31.10.2020	63225523	6508	174792
31.10.2020	63225584	6796	91292
31.10.2020	63225586	48897	123780
31.10.2020	63225663	20752	113349
31.10.2020	83778920	8621	94733
31.10.2020	83778921	22648	54766
31.10.2020	83778931	3924	110838
31.10.2020	84231325	12	52749
31.10.2020	83778946	1629	106620
31.10.2020	83778961	884	101590
31.10.2020	83778980	25	123898
31.10.2020	83778981	1637	52762
31.10.2020	83778983	7584	48978
31.10.2020	83778984	28	101669
31.10.2020	83778986	19868	150965
31.10.2020	83778991	1766	129320
31.10.2020	83778997	5135	97408
31.10.2020	83778999	4397	102644
31.10.2020	83779025	11711	148739
31.10.2020	83779039	289	138059
31.10.2020	83779045	26	127323
31.10.2020	83779049	457	112744
31.10.2020	83779050	345	126172
31.10.2020	83779051	538	119954
31.10.2020	83779054	36004	103892
31.10.2020	83779057	3094	113928
31.10.2020	83779058	27996	103023
31.10.2020	83779061	21	115499
31.10.2020	83779076	45	116849
31.10.2020	83779077	31	109970
31.10.2020	83779083	11808	99042
31.10.2020	83779093	40424	106586
31.10.2020	83779096	28833	16363
31.10.2020	83779099	58249	123149
31.10.2020	83779111	26	120683
31.10.2020	83779117	8502	112195
31.10.2020	83779125	562	54504
31.10.2020	83779126	1621	110115
31.10.2020	83779128	798	129042
31.10.2020	83779135	14609	112665
31.10.2020	83779138	573	129726
31.10.2020	83779145	5351	127454
31.10.2020	83779160	9286	114959
31.10.2020	83779168	3562	105584
31.10.2020	83779180	5429	114160
31.10.2020	83779188	6494	100837
31.10.2020	83801414	29	120219
31.10.2020	83801420	14714	29453
31.10.2020	83801424	1697	117712
31.10.2020	83801426	2697	86954
31.10.2020	83801427	11392	113099
31.10.2020	83801431	8211	109587
31.10.2020	83801432	33	84780
31.10.2020	83801451	14001	45467
31.10.2020	83801471	3292	109304
31.10.2020	83801476	22899	30651
31.10.2020	83801482	48407	69600
31.10.2020	83801513	10727	93430
31.10.2020	83801528	31	120219
31.10.2020	83801573	16446	117927
31.10.2020	83801582	517	86970
31.10.2020	83801594	7467	104477
31.10.2020	83801601	79350	92643
31.10.2020	84105160	198	5801
31.10.2020	83801633	883	113234
31.10.2020	84105237	5	18468
31.10.2020	83801666	9983	99681
31.10.2020	83801691	7542	105776
31.10.2020	83801696	2066	118153
31.10.2020	83801774	3826	104011
31.10.2020	83801776	1198	79590
31.10.2020	83801784	3451	82154
31.10.2020	83801786	21	110723
31.10.2020	83801787	155	103096
31.10.2020	83801793	27	104463
31.10.2020	83801794	22	102279
31.10.2020	83801798	19	97129
31.10.2020	83801804	28	103219
31.10.2020	83801805	3605	105043
31.10.2020	83801820	4935	30052
31.10.2020	83801835	8690	105637
31.10.2020	83801840	3463	109936
31.10.2020	83801850	3781	104090
31.10.2020	83801869	1515	107984
31.10.2020	83801872	16491	22383
31.10.2020	83801878	42687	77724
31.10.2020	83801898	4694	48615
31.10.2020	83882074	3779	120343
31.10.2020	83882080	674	120712
31.10.2020	83882096	5581	126999
31.10.2020	83882102	173	106305
31.10.2020	83882107	10301	97762
31.10.2020	83882108	159	110201
31.10.2020	83882153	19673	416
31.10.2020	83882190	17	107548
31.10.2020	83882196	4751	109070
31.10.2020	83882204	3945	51101
31.10.2020	83882205	56684	90486
31.10.2020	83882215	150	80370
31.10.2020	83882220	1485	137146
31.10.2020	83882225	3580	42504
31.10.2020	83882230	3384	102224
31.10.2020	83882258	22174	65985
31.10.2020	83882260	3579	26934
31.10.2020	83882261	4469	99502
31.10.2020	83882263	2371	103996
31.10.2020	83882275	4968	88122
31.10.2020	83882319	56	89256
31.10.2020	83882329	350	118958
31.10.2020	83882336	27	109619
31.10.2020	83882337	2034	112412
31.10.2020	83882353	40	128043
31.10.2020	83882363	4913	111889
31.10.2020	83882366	5003	116137
31.10.2020	83882367	3930	113323
31.10.2020	03514057	7240	12386
31.10.2020	83979908	665	94668
31.10.2020	83979909	7649	66926
31.10.2020	83979927	71	15629
31.10.2020	83979933	1919	93364
31.10.2020	83979935	21	86901
31.10.2020	83979937	4601	97713
31.10.2020	83979945	4033	96235
31.10.2020	54150174	254	45228
31.10.2020	83979960	32	115429
31.10.2020	83983503	3672	111598
31.10.2020	83983504	12311	108597
31.10.2020	83983505	2241	82448
31.10.2020	83983509	6680	114787
31.10.2020	83983510	210	101583
31.10.2020	83983523	118	91798
31.10.2020	83983524	7395	86468
31.10.2020	83983529	531	91295
31.10.2020	83983539	2799	92705
31.10.2020	83983545	5268	118079
31.10.2020	83983546	8939	115666
31.10.2020	83983590	135	121400
31.10.2020	83983592	8360	112443
31.10.2020	83983638	30	99786
31.10.2020	83983650	158	65471
31.10.2020	83983652	82	118040
31.10.2020	83983656	152	126076
31.10.2020	83983668	963	119834
31.10.2020	83983669	49	104193
31.10.2020	83983670	105	128155
31.10.2020	83983710	159	119667
31.10.2020	83983713	1263	119021
31.10.2020	83983718	7496	124108
31.10.2020	83983731	1268	104006
31.10.2020	83983760	55	98202
31.10.2020	83983770	15	97804
31.10.2020	83983772	774	104744
31.10.2020	83983884	4409	67327
31.10.2020	83983909	6509	88980
31.10.2020	83983914	381	37337
31.10.2020	83983917	23	89223
31.10.2020	83983934	2981	109540
31.10.2020	83983938	39058	29900
31.10.2020	83983949	119	74291
31.10.2020	83983951	2599	99795
31.10.2020	83983953	271	72018
31.10.2020	83983959	7121	41095
31.10.2020	83983961	68	106678
31.10.2020	83983964	3338	54622
31.10.2020	83983967	542	120599
31.10.2020	84015567	20	98966
31.10.2020	84015582	27137	87575
31.10.2020	84015596	6299	52000
31.10.2020	84015610	10903	60822
31.10.2020	84015614	19	83704
31.10.2020	84015638	194	105981
31.10.2020	84015640	83	96897
31.10.2020	84015644	3171	109945
31.10.2020	84015654	61	92231
31.10.2020	84015657	12026	85021
31.10.2020	84015683	17	81856
31.10.2020	84015689	1818	104153
31.10.2020	84015698	856	107247
31.10.2020	84015713	4922	32908
31.10.2020	84015754	0	28646
31.10.2020	84015763	88	95882
31.10.2020	84015765	26	93353
31.10.2020	84015772	115	60438
31.10.2020	84015777	2168	79425
31.10.2020	84015778	2877	33525
31.10.2020	84015786	3333	89324
31.10.2020	84015792	285	86937
31.10.2020	84015796	8127	84437
31.10.2020	84015797	43696	65137
31.10.2020	84015798	3663	16862
31.10.2020	84015810	15997	56769
31.10.2020	84015811	2107	103860
31.10.2020	84015854	1437	100643
31.10.2020	84015871	2887	100779
31.10.2020	84015872	43	104955
31.10.2020	84015882	31	106097
31.10.2020	84015910	20	95369
31.10.2020	84015915	69	100134
31.10.2020	84015961	696	110236
31.10.2020	84015987	5795	93939
31.10.2020	84015989	20	97666
31.10.2020	84015993	19	100572
31.10.2020	84015999	28042	90136
31.10.2020	84016005	2508	113553
31.10.2020	84016006	2234	106815
31.10.2020	84016023	77	109727
31.10.2020	84016026	5486	53601
31.10.2020	84016033	8238	69229
31.10.2020	84016034	832	111616
31.10.2020	84016035	18	98149
31.10.2020	84016054	20	111452
31.10.2020	84016056	18	97668
31.10.2020	84056375	2547	56477
31.10.2020	84056386	4218	106300
31.10.2020	84056444	4179	86905
31.10.2020	84056456	37	85794
31.10.2020	84056468	3131	36670
31.10.2020	84056539	4629	56835
31.10.2020	84056543	7769	91277
31.10.2020	84056556	2012	102718
31.10.2020	84056557	9654	38153
31.10.2020	84056558	1306	91975
31.10.2020	84056591	7178	77337
31.10.2020	84056598	5628	92703
31.10.2020	84056605	468	97592
31.10.2020	84056613	456	100015
31.10.2020	84056627	299	62737
31.10.2020	84056670	8822	18154
31.10.2020	84056671	5868	85621
31.10.2020	84056676	71	93981
31.10.2020	84056685	5112	82736
31.10.2020	84056696	6324	83569
31.10.2020	84056710	1477	54371
31.10.2020	84056711	1013	110961
31.10.2020	84056716	65	91146
31.10.2020	84056728	29	91491
31.10.2020	84056734	60	99004
31.10.2020	84056736	463	98766
31.10.2020	84056738	2752	101271
31.10.2020	84056739	760	89658
31.10.2020	84056742	2828	104891
31.10.2020	84056744	96	86481
31.10.2020	84056748	25	85128
31.10.2020	84056756	1078	91784
31.10.2020	84056763	21	79636
31.10.2020	84056764	8914	86318
31.10.2020	84056782	36	91833
31.10.2020	84056791	4293	103518
31.10.2020	84056801	5004	45731
31.10.2020	84056816	25	82048
31.10.2020	84056831	32903	78171
31.10.2020	84056850	19	84388
31.10.2020	84056851	19	83529
31.10.2020	84056854	16	86322
31.10.2020	84515056	0	21219
31.10.2020	84515287	224	15095
31.10.2020	84105978	537	9139
31.10.2020	84105174	7489	26177
31.10.2020	84105223	70	81474
31.10.2020	84105232	2261	27630
31.10.2020	84105248	22	49141
31.10.2020	84105258	2185	47599
31.10.2020	84105283	17758	53710
31.10.2020	84105286	9896	60824
31.10.2020	84105299	2271	63399
31.10.2020	84105301	29	79215
31.10.2020	84105315	48	61058
31.10.2020	84105316	155	63331
31.10.2020	84105320	41	70785
31.10.2020	84105321	47	72306
31.10.2020	84105322	421	44590
31.10.2020	84105331	2548	28180
31.10.2020	84105333	2564	48894
31.10.2020	84105334	12	77075
31.10.2020	84105340	626	97231
31.10.2020	84105349	1422	73980
31.10.2020	84105354	110	92746
31.10.2020	84105355	15353	81875
31.10.2020	84105356	7397	91079
31.10.2020	84105366	3662	80470
31.10.2020	84105370	4071	91789
31.10.2020	84105426	24	43957
31.10.2020	84105464	289	63261
31.10.2020	84105466	298	67318
31.10.2020	84105467	290	67137
31.10.2020	84105472	511	61575
31.10.2020	84105473	852	66941
31.10.2020	84105489	7	95196
31.10.2020	84105493	36374	56844
31.10.2020	84105557	169	103570
31.10.2020	84105677	3700	75575
31.10.2020	84105681	6864	73690
31.10.2020	84105702	3252	40648
31.10.2020	84105710	202	66574
31.10.2020	84105720	28	45303
31.10.2020	84105743	5010	86675
31.10.2020	84105928	13	38405
31.10.2020	84105964	3216	65864
31.10.2020	84105980	865	21586
31.10.2020	84105983	7	36184
31.10.2020	84106869	225	72327
31.10.2020	84106958	26	40386
31.10.2020	84107080	3781	60589
31.10.2020	84107095	1266	14457
31.10.2020	84107100	2080	50725
31.10.2020	84107112	2336	66721
31.10.2020	84107123	0	47146
31.10.2020	84107190	1790	36398
31.10.2020	84107199	6011	53228
31.10.2020	84107214	13544	63829
31.10.2020	84107215	11298	20105
31.10.2020	84107218	24590	56576
31.10.2020	84107225	2484	72038
31.10.2020	84107230	5902	99647
31.10.2020	84107235	196	97213
31.10.2020	84107238	3	76590
31.10.2020	84107251	2327	76995
31.10.2020	84107255	165	80363
31.10.2020	84107265	175	53196
31.10.2020	84107267	13	90592
31.10.2020	84107278	6300	76067
31.10.2020	84107306	4437	79705
31.10.2020	84107424	126	83233
31.10.2020	84107429	95	81105
31.10.2020	84107438	3308	82660
31.10.2020	84107446	834	89839
31.10.2020	84107447	1482	47751
31.10.2020	43477141	2178	95722
31.10.2020	84107579	5900	33208
31.10.2020	84107606	56	87951
31.10.2020	84107609	106	86366
31.10.2020	84107612	2841	84830
31.10.2020	84107614	265	82401
31.10.2020	84107644	73	78938
31.10.2020	84107647	4511	53480
31.10.2020	84107650	119	89189
31.10.2020	84107658	10393	85475
31.10.2020	84107683	143	64796
31.10.2020	84107686	3185	11559
31.10.2020	84107688	1214	85055
31.10.2020	84107697	1508	76381
31.10.2020	84107729	806	85784
31.10.2020	84107751	10	25672
31.10.2020	84107761	40	81415
31.10.2020	84107767	6070	18978
31.10.2020	84107768	137	81821
31.10.2020	84117691	12841	81516
31.10.2020	84150185	58	77680
31.10.2020	84150186	21389	46416
31.10.2020	84150192	1709	65533
31.10.2020	84150193	166	11661
31.10.2020	84150203	5190	76452
31.10.2020	84150205	2882	64421
31.10.2020	84437458	24	20172
31.10.2020	84150208	2190	68349
31.10.2020	84150218	5256	10180
31.10.2020	84150228	21109	82049
31.10.2020	84150234	1117	43699
31.10.2020	84150246	40	56742
31.10.2020	84150253	288	87801
31.10.2020	84150261	554	82885
31.10.2020	84150263	20	80559
31.10.2020	84437848	42	44389
31.10.2020	84150265	16	87463
31.10.2020	84150266	9637	76586
31.10.2020	84150268	1933	31139
31.10.2020	84150269	318	89106
31.10.2020	84150273	3998	96895
31.10.2020	84150275	288	88335
31.10.2020	84150278	20	82328
31.10.2020	84150290	1	52574
31.10.2020	84150316	17	76270
31.10.2020	84150319	2	69323
31.10.2020	84150327	625	84161
31.10.2020	84150331	52	77415
31.10.2020	84150344	18	76316
31.10.2020	84150348	2997	72817
31.10.2020	84150371	616	69549
31.10.2020	84150381	1189	72517
31.10.2020	84150391	170	76534
31.10.2020	84150397	26	66050
31.10.2020	84150409	20	81423
31.10.2020	84150415	57	75660
31.10.2020	84150417	11994	76414
31.10.2020	84150418	6620	106079
31.10.2020	84150420	14	69623
31.10.2020	84150421	256	74819
31.10.2020	84150425	7	78264
31.10.2020	84150429	32738	70555
31.10.2020	84150430	921	51229
31.10.2020	84150436	21	80523
31.10.2020	84150453	158	81620
31.10.2020	84150458	4874	67149
31.10.2020	84150475	2891	79316
31.10.2020	84150480	2785	72463
31.10.2020	84150483	43	82534
31.10.2020	84150484	70	74842
31.10.2020	84150485	132	25015
31.10.2020	84150487	7	55906
31.10.2020	84150490	11	76413
31.10.2020	84150491	4075	80403
31.10.2020	84150494	22	76249
31.10.2020	84150498	38	70951
31.10.2020	84150500	2574	81162
31.10.2020	84150508	8	75234
31.10.2020	84150510	4615	70691
31.10.2020	84150513	33	74254
31.10.2020	84150517	3201	9824
31.10.2020	84150518	37	79985
31.10.2020	84150519	9	50884
31.10.2020	84150520	1713	74465
31.10.2020	84150527	2540	81267
31.10.2020	84150533	10	53501
31.10.2020	84150540	31	92623
31.10.2020	84150543	290	76815
31.10.2020	84150545	357	74641
31.10.2020	84150559	462	87437
31.10.2020	84150565	1970	36475
31.10.2020	84150567	1	47439
31.10.2020	84150570	0	73273
31.10.2020	84150573	2120	87248
31.10.2020	84150583	434	88738
31.10.2020	84150590	3309	42427
31.10.2020	84150603	1477	83146
31.10.2020	84150605	336	102976
31.10.2020	84150632	217	84826
31.10.2020	84150634	635	74147
31.10.2020	84150636	3831	79331
31.10.2020	84150638	336	69539
31.10.2020	84150639	54	56760
31.10.2020	84150641	1352	82596
31.10.2020	84150648	3584	65752
31.10.2020	84150681	4552	28906
31.10.2020	84150685	1993	39953
31.10.2020	84150703	388	79835
31.10.2020	84150712	311	87456
31.10.2020	84150716	17	73988
31.10.2020	84150723	852	96623
31.10.2020	84150724	51	76930
31.10.2020	84150726	147	83263
31.10.2020	84150734	307	96253
31.10.2020	84150737	3593	91055
31.10.2020	84150741	7295	77910
31.10.2020	84150749	2005	92941
31.10.2020	84150750	2315	19118
31.10.2020	84150751	10820	26771
31.10.2020	84150753	4156	96898
31.10.2020	84150754	2341	37628
31.10.2020	84207412	3	48840
31.10.2020	84207429	659	50516
31.10.2020	84207448	8	61412
31.10.2020	84207486	276	59787
31.10.2020	84207489	1551	42272
31.10.2020	84207494	34	19769
31.10.2020	84207495	101	56897
31.10.2020	84207507	44	25166
31.10.2020	84207509	2763	41131
31.10.2020	84207526	989	62964
31.10.2020	84207527	316	50746
31.10.2020	84207528	2594	42489
31.10.2020	84207533	21358	28664
31.10.2020	84207535	20	68651
31.10.2020	84207536	135	60149
31.10.2020	84207537	23	71008
31.10.2020	84207538	14	70224
31.10.2020	84207539	12	22310
31.10.2020	84207542	224	52951
31.10.2020	84207555	1380	45727
31.10.2020	84207556	23	60439
31.10.2020	84207581	561	69437
31.10.2020	84207587	36168	47329
31.10.2020	84207622	101	103656
31.10.2020	84483554	313	15231
31.10.2020	84207733	303	50479
31.10.2020	84207736	26953	1
31.10.2020	84207737	73	50197
31.10.2020	84207739	16	33883
31.10.2020	84207752	10174	22036
31.10.2020	84207754	2802	10035
31.10.2020	84207760	25	46481
31.10.2020	84207771	44	57150
31.10.2020	84105169	0	5588
31.10.2020	84207776	9	37625
31.10.2020	84207777	2599	28316
31.10.2020	84207783	5504	43891
31.10.2020	84207784	712	51310
31.10.2020	84207796	2404	62545
31.10.2020	84207840	319	80675
31.10.2020	84207845	598	63430
31.10.2020	84207867	2012	63676
31.10.2020	84207869	1752	46255
31.10.2020	84207893	1236	49668
31.10.2020	84207895	4380	60707
31.10.2020	84207896	3107	63291
31.10.2020	84207898	2455	43139
31.10.2020	84207900	3335	61168
31.10.2020	84207901	9	79600
31.10.2020	84207902	441	69963
31.10.2020	84207991	6651	2197
31.10.2020	84208010	5661	11789
31.10.2020	84208016	104	58454
31.10.2020	84208022	1308	74931
31.10.2020	84208032	422	73664
31.10.2020	84208042	366	95600
31.10.2020	84208045	8	83943
31.10.2020	84208046	35	74028
31.10.2020	84208047	184	72684
31.10.2020	84208051	36	73705
31.10.2020	84208052	3288	68014
31.10.2020	84208053	42	76965
31.10.2020	84208055	1760	73776
31.10.2020	84208058	352	79324
31.10.2020	84208059	45	46108
31.10.2020	84208100	4614	73295
31.10.2020	84208106	385	78898
31.10.2020	84208107	1843	41475
31.10.2020	84208118	11	48667
31.10.2020	84208119	2369	65055
31.10.2020	84208197	4590	74187
31.10.2020	84208210	32	58883
31.10.2020	84208215	2770	82449
31.10.2020	84208217	14454	84248
31.10.2020	84208222	494	78433
31.10.2020	84230989	1538	78741
31.10.2020	84231004	2502	9026
31.10.2020	84231073	148	42111
31.10.2020	84231080	18	52941
31.10.2020	84231083	65	47238
31.10.2020	84231087	19	73314
31.10.2020	84231104	1491	74559
31.10.2020	84231110	27	49864
31.10.2020	84231114	16	72097
31.10.2020	84231116	4	73659
31.10.2020	84231117	12	66201
31.10.2020	84231120	1	73989
31.10.2020	84231121	119	76623
31.10.2020	84231124	0	73338
31.10.2020	84231129	2357	42196
31.10.2020	84231131	945	69860
31.10.2020	84231136	1	73001
31.10.2020	84231137	203	70769
31.10.2020	84231141	13	56305
31.10.2020	84231146	191	62727
31.10.2020	63077234	105636	74653
31.10.2020	84231314	149	67075
31.10.2020	84231315	548	70276
31.10.2020	84231319	99	70132
31.10.2020	84231320	1441	46923
31.10.2020	84457508	457	24911
31.10.2020	84231524	170	28595
31.10.2020	84231547	12	51961
31.10.2020	84231551	624	67623
31.10.2020	84231556	5	63764
31.10.2020	84231557	1	52668
31.10.2020	84231560	48	45077
31.10.2020	84231561	41	56382
31.10.2020	84231562	42	50631
31.10.2020	03514073	2828	108428
31.10.2020	84231567	367	60998
31.10.2020	84231568	3	46698
31.10.2020	84231722	137	70883
31.10.2020	84231770	22911	47629
31.10.2020	84105171	662	5186
31.10.2020	84231818	19	58290
31.10.2020	84231877	2453	47091
31.10.2020	84231891	41	59431
31.10.2020	84231909	5	47966
31.10.2020	84105977	59	5852
31.10.2020	84270851	513	42073
31.10.2020	84270859	296	57266
31.10.2020	84270860	14	70359
31.10.2020	84270862	8	75793
31.10.2020	84270871	78	45474
31.10.2020	84270887	1477	38086
31.10.2020	84270890	149	62504
31.10.2020	84270895	932	27831
31.10.2020	84270897	5012	51535
31.10.2020	84270902	28	69224
31.10.2020	84270906	51	48351
31.10.2020	84270910	4114	43778
31.10.2020	84270916	1281	16698
31.10.2020	84270921	869	25378
31.10.2020	84270999	1405	59549
31.10.2020	84271012	2700	57107
31.10.2020	84271015	4	61559
31.10.2020	84271025	48	68288
31.10.2020	84271026	32	46047
31.10.2020	84271027	2	26988
31.10.2020	84271032	1632	57730
31.10.2020	84271034	4467	44214
31.10.2020	84271042	727	40223
31.10.2020	84271044	5	45253
31.10.2020	84271052	640	44664
31.10.2020	84271056	2	48849
31.10.2020	84271064	9	69363
31.10.2020	84457325	12	43619
31.10.2020	84271105	4	51113
31.10.2020	84271108	290	79632
31.10.2020	84271115	69	66335
31.10.2020	84271116	218	65849
31.10.2020	84271117	170	67496
31.10.2020	84271119	3376	42032
31.10.2020	84271120	310	46935
31.10.2020	84271121	1848	69514
31.10.2020	84271123	251	47491
31.10.2020	84271125	2518	59406
31.10.2020	84271126	0	42321
31.10.2020	84271127	2162	45894
31.10.2020	84271129	138	66861
31.10.2020	84271130	1134	60179
31.10.2020	84271131	1077	60150
31.10.2020	84271132	274	69757
31.10.2020	84271150	163	62636
31.10.2020	84271164	28	65522
31.10.2020	84271196	60	93598
31.10.2020	84271258	577	65123
31.10.2020	84271259	1	61162
31.10.2020	84271317	2501	57004
31.10.2020	84271318	21	59238
31.10.2020	84271319	1843	55508
31.10.2020	84271327	1471	67131
31.10.2020	84271331	1972	57491
31.10.2020	84271332	995	59196
31.10.2020	84271410	1033	70549
31.10.2020	84271413	18	44257
31.10.2020	84271416	531	67986
31.10.2020	84105976	40	3691
31.10.2020	84271422	283	72160
31.10.2020	84271428	286	68590
31.10.2020	84105165	21	3706
31.10.2020	84271433	245	73395
31.10.2020	84271483	1374	76189
31.10.2020	84271485	503	76088
31.10.2020	84271487	5412	53117
31.10.2020	84271493	1252	48383
31.10.2020	84271505	3520	67279
31.10.2020	84271529	1954	56473
31.10.2020	84271550	668	45500
31.10.2020	84271555	3768	51472
31.10.2020	84271578	1046	52799
31.10.2020	84271580	21	31783
31.10.2020	84457348	11	43299
31.10.2020	84271636	2153	56325
31.10.2020	84271638	446	32054
31.10.2020	84271640	7	35523
31.10.2020	84271643	1634	32298
31.10.2020	84271647	2915	50665
31.10.2020	84271649	606	69334
31.10.2020	84105159	47	3711
31.10.2020	84271650	199	51920
31.10.2020	84271659	3158	15193
31.10.2020	84271663	1575	11523
31.10.2020	84271669	1843	42810
31.10.2020	84271672	622	21658
31.10.2020	84271715	9	21565
31.10.2020	84271743	88	55602
31.10.2020	84271744	14631	15042
31.10.2020	84271761	14	38425
31.10.2020	84271762	570	53914
31.10.2020	84271766	54	52310
31.10.2020	84271771	9	45861
31.10.2020	84271797	2664	52430
31.10.2020	84271804	38	42033
31.10.2020	84271832	2118	27972
31.10.2020	84304287	40	20272
31.10.2020	84304296	17778	14979
31.10.2020	84304317	14	49082
31.10.2020	84304326	1385	23038
31.10.2020	84304328	8808	38542
31.10.2020	84304331	4717	8228
31.10.2020	84304335	5886	49807
31.10.2020	84304336	2874	14672
31.10.2020	84304450	857	18488
31.10.2020	84304468	167	48414
31.10.2020	84304475	53	42080
31.10.2020	84304478	4353	24563
31.10.2020	84304573	2643	13070
31.10.2020	84304577	2816	12005
31.10.2020	84304584	36159	35315
31.10.2020	84304592	1160	45388
31.10.2020	84304596	979	26465
31.10.2020	84304608	351	41519
31.10.2020	84304615	2166	54315
31.10.2020	84304617	218	46957
31.10.2020	84304841	266	68451
31.10.2020	84105164	20	3676
31.10.2020	84304845	2326	16113
31.10.2020	84304846	1520	58098
31.10.2020	84304851	3143	10987
31.10.2020	84304857	11	45265
31.10.2020	84304877	1077	44134
31.10.2020	84304900	4	49247
31.10.2020	84304901	3771	44062
31.10.2020	84304906	2243	40093
31.10.2020	84304911	1575	20238
31.10.2020	84304912	1351	24488
31.10.2020	84304981	217	48735
31.10.2020	84304984	2373	51631
31.10.2020	84304986	8	49550
31.10.2020	84304989	80	50057
31.10.2020	84304999	2846	54796
31.10.2020	43924808	4890	61382
31.10.2020	84305003	984	59017
31.10.2020	84305004	19	49929
31.10.2020	84305005	3639	36569
31.10.2020	84305007	559	69133
31.10.2020	84105167	44	3609
31.10.2020	84305012	215	50147
31.10.2020	84305013	5897	50665
31.10.2020	84305015	265	29494
31.10.2020	84305016	1	43841
31.10.2020	84305018	8002	58617
31.10.2020	84305038	67	27947
31.10.2020	84305040	53	69647
31.10.2020	84305045	33	59809
31.10.2020	84305046	14	52580
31.10.2020	84305064	8128	12398
31.10.2020	84305070	3719	33805
31.10.2020	84332106	3184	37002
31.10.2020	84332123	1594	22977
31.10.2020	84332130	1669	44058
31.10.2020	84332206	78	54422
31.10.2020	84332211	2470	39800
31.10.2020	84332242	1006	42916
31.10.2020	84332256	3559	15325
31.10.2020	84332382	2966	41245
31.10.2020	84332419	40	42452
31.10.2020	84332424	86	48103
31.10.2020	84332428	38	47395
31.10.2020	84332429	1763	39548
31.10.2020	84332431	6	16456
31.10.2020	84332433	1377	7447
31.10.2020	84332437	150	49297
31.10.2020	84332442	2229	51034
31.10.2020	84332448	2563	47416
31.10.2020	84332474	10	43444
31.10.2020	84332477	973	8702
31.10.2020	84332483	18	55385
31.10.2020	84332491	33485	18085
31.10.2020	84332610	1552	9585
31.10.2020	84332666	2927	25001
31.10.2020	84332668	1378	47677
31.10.2020	84332686	3503	28466
31.10.2020	84332687	16	55385
31.10.2020	84332697	408	31459
31.10.2020	84332796	3069	54139
31.10.2020	84332874	14	39784
31.10.2020	84332935	1332	93844
31.10.2020	84332964	575	47083
31.10.2020	84332986	910	45635
31.10.2020	84332988	73	40685
31.10.2020	84332995	19726	21307
31.10.2020	84333056	2393	18040
31.10.2020	84333089	90	43951
31.10.2020	84333094	3399	9754
31.10.2020	84384588	1748	37780
31.10.2020	84384622	109	41007
31.10.2020	84384627	50	27766
31.10.2020	84384647	9	43425
31.10.2020	84384654	7	43916
31.10.2020	84384655	18	44899
31.10.2020	84384663	9	42730
31.10.2020	84384670	17	43013
31.10.2020	84384676	191	45953
31.10.2020	84384683	32	45638
31.10.2020	84384703	21	7775
31.10.2020	84384720	422	46743
31.10.2020	84384725	950	28127
31.10.2020	84384733	1816	44530
31.10.2020	84384735	2504	15138
31.10.2020	84384737	1984	11258
31.10.2020	84384764	168	50852
31.10.2020	84384771	45	56319
31.10.2020	84384783	1915	33621
31.10.2020	84384785	159	36431
31.10.2020	84384786	109	45279
31.10.2020	84384798	172	54464
31.10.2020	84384801	33	51396
31.10.2020	84384814	234	47734
31.10.2020	84384825	1798	8752
31.10.2020	84384880	399	43519
31.10.2020	84384897	71	44186
31.10.2020	84384932	25	46531
31.10.2020	84384951	1331	13643
31.10.2020	84384971	15	42841
31.10.2020	84384987	4022	42304
31.10.2020	84385006	3212	38750
31.10.2020	84385027	4354	21710
31.10.2020	84385035	403	42017
31.10.2020	63022202	37	2137
31.10.2020	84385039	890	36502
31.10.2020	84385043	5338	8069
31.10.2020	84385046	1623	34356
31.10.2020	84385047	103	31988
31.10.2020	84385057	8699	20481
31.10.2020	84385058	3	23887
31.10.2020	84385066	1488	26012
31.10.2020	84385069	1	16588
31.10.2020	84385098	171	41998
31.10.2020	84385215	1485	36425
31.10.2020	84385223	2620	40533
31.10.2020	84385236	1391	19193
31.10.2020	84385239	1319	37180
31.10.2020	84385254	985	47508
31.10.2020	84385255	360	33851
31.10.2020	84385284	579	38867
31.10.2020	84385300	1733	39820
31.10.2020	84385453	1611	43849
31.10.2020	84385473	859	41584
31.10.2020	84385476	6116	38255
31.10.2020	84385477	2852	30675
31.10.2020	84390753	543	47346
31.10.2020	84390761	191	47682
31.10.2020	84390778	870	44974
31.10.2020	84390862	588	31588
31.10.2020	84390865	112	43455
31.10.2020	84390869	21	37631
31.10.2020	84390893	3874	32729
31.10.2020	84390936	13	44500
31.10.2020	84390939	4323	38835
31.10.2020	84390942	1187	23356
31.10.2020	84390949	683	47605
31.10.2020	84390950	14	40146
31.10.2020	84390967	7	22318
31.10.2020	84390972	1538	36139
31.10.2020	83778936	185	59536
31.10.2020	84390977	10	33956
31.10.2020	84390987	10086	42238
31.10.2020	84390988	1666	42340
31.10.2020	84390989	714	32763
31.10.2020	84390998	108	42619
31.10.2020	84391000	2402	11921
31.10.2020	84391002	4	46069
31.10.2020	84391055	86	77045
31.10.2020	84391068	2503	38704
31.10.2020	84515406	336	17783
31.10.2020	84391136	94	47867
31.10.2020	84391143	1477	33801
31.10.2020	84391145	3558	41625
31.10.2020	84391149	33	49976
31.10.2020	84391150	19	52413
31.10.2020	84391151	491	36439
31.10.2020	84391155	233	46001
31.10.2020	84391158	1583	29738
31.10.2020	84391159	49	50494
31.10.2020	84391161	665	43351
31.10.2020	84391162	1162	39550
31.10.2020	84391180	6576	35865
31.10.2020	84391184	2476	27556
31.10.2020	84391187	1812	22349
31.10.2020	84391203	3	32731
31.10.2020	84391207	16	44622
31.10.2020	84391218	11386	42062
31.10.2020	84391264	1583	33865
31.10.2020	84391289	2156	20631
31.10.2020	84391296	1123	30603
31.10.2020	84391323	128	42016
31.10.2020	84391337	430	47830
31.10.2020	84391338	1119	50248
31.10.2020	84391345	667	49824
31.10.2020	84391359	1903	34340
31.10.2020	84391362	8327	38933
31.10.2020	84391365	10	45818
31.10.2020	84391385	923	42479
31.10.2020	84391395	3	42855
31.10.2020	84391396	628	40858
31.10.2020	84391397	409	45480
31.10.2020	84391401	7892	4338
31.10.2020	84391409	189	12018
31.10.2020	84391568	735	41057
31.10.2020	84391584	7129	26937
31.10.2020	84391599	16904	22624
31.10.2020	84437041	134	34964
31.10.2020	84437117	26	9310
31.10.2020	84437128	38	33958
31.10.2020	84437134	6929	28055
31.10.2020	84437139	135	47136
31.10.2020	84437145	240	4201
31.10.2020	84437148	6132	47380
31.10.2020	84437149	3855	15788
31.10.2020	84437151	513	44914
31.10.2020	84437157	6006	36081
31.10.2020	84437160	630	29006
31.10.2020	84437173	2307	5712
31.10.2020	84437176	2295	39059
31.10.2020	84437178	831	37235
31.10.2020	84437189	3193	39251
31.10.2020	84437191	1636	41026
31.10.2020	84437208	0	49526
31.10.2020	84437212	444	38663
31.10.2020	84515292	1159	12634
31.10.2020	63077521	43131	91601
31.10.2020	84437486	1802	31427
31.10.2020	84437561	10067	17585
31.10.2020	84437562	918	35400
31.10.2020	84437569	114	41389
31.10.2020	84437576	1303	46731
31.10.2020	84437583	3003	39892
31.10.2020	84437695	21	51616
31.10.2020	84437846	4068	45484
31.10.2020	84483530	1422	4805
31.10.2020	84437850	7	5956
31.10.2020	84437854	22	23348
31.10.2020	84437864	1623	36683
31.10.2020	84437868	6667	32866
31.10.2020	84437869	1263	37496
31.10.2020	84437872	2	20440
31.10.2020	84437876	357	32758
31.10.2020	84437881	26	39530
31.10.2020	84437882	2569	40318
31.10.2020	84438014	8	47809
31.10.2020	84438019	1471	42020
31.10.2020	84438024	1083	48142
31.10.2020	84456381	5888	30639
31.10.2020	84456424	467	6902
31.10.2020	84456429	344	29280
31.10.2020	84456434	2182	52304
31.10.2020	84456439	668	10285
31.10.2020	84456440	2563	49807
31.10.2020	84456885	40	27627
31.10.2020	84456889	5065	35275
31.10.2020	84456891	34	24206
31.10.2020	84456892	855	23437
31.10.2020	84456902	3574	15842
31.10.2020	84457028	884	14894
31.10.2020	84457029	1308	35512
31.10.2020	84457030	60	33165
31.10.2020	84457031	28	27472
31.10.2020	84231301	104	58105
31.10.2020	84457074	15	40882
31.10.2020	84457090	2631	37895
31.10.2020	84457102	15	49423
31.10.2020	84457130	129	39327
31.10.2020	84457134	3	34939
31.10.2020	84457142	1353	6706
31.10.2020	84457209	944	39126
31.10.2020	84457214	1	36599
31.10.2020	84457240	10500	21287
31.10.2020	84457284	114	29006
31.10.2020	84457303	5	39263
31.10.2020	84457308	8	33683
31.10.2020	84457312	346	13035
31.10.2020	84457318	0	54922
31.10.2020	84457322	0	54904
31.10.2020	84457323	0	55288
31.10.2020	63077214	126676	92273
31.10.2020	84457326	3068	41892
31.10.2020	84457327	89	40217
31.10.2020	84457336	1	55643
31.10.2020	84457337	1396	26015
31.10.2020	84457339	1	55124
31.10.2020	84457342	0	54364
31.10.2020	84457343	28	41784
31.10.2020	84457345	10	29666
31.10.2020	43477143	26824	24572
31.10.2020	84105166	462	735
31.10.2020	84457352	4298	37894
31.10.2020	84457355	2500	42730
31.10.2020	84457356	13	40576
31.10.2020	84457357	350	21296
31.10.2020	84457358	698	42941
31.10.2020	84457362	3084	41607
31.10.2020	84457366	2718	16638
31.10.2020	84457408	6344	10873
31.10.2020	84457429	7418	33556
31.10.2020	84457430	606	35745
31.10.2020	84501520	0	18178
31.10.2020	84457531	297	47254
31.10.2020	84457539	192	37003
31.10.2020	84457541	11	40770
31.10.2020	84457567	4	48354
31.10.2020	84468496	375	40410
31.10.2020	84468500	179	40805
31.10.2020	84468502	8	43956
31.10.2020	84468503	228	43051
31.10.2020	84468506	89	16230
31.10.2020	84468524	1050	43969
31.10.2020	84468547	487	36812
31.10.2020	84468670	7	3343
31.10.2020	84468684	1321	48934
31.10.2020	84468693	7	45882
31.10.2020	84468796	1563	35973
31.10.2020	84468812	18	35821
31.10.2020	84468819	35	40466
31.10.2020	83801655	6498	117994
31.10.2020	84468895	6	40161
31.10.2020	84468897	0	13782
31.10.2020	84468898	0	13457
31.10.2020	84468907	22	42241
31.10.2020	84468921	19	29529
31.10.2020	84468922	1458	44806
31.10.2020	84468946	81	33080
31.10.2020	84468950	7069	34040
31.10.2020	84468959	71	41012
31.10.2020	84468961	138	38340
31.10.2020	84468964	27	11284
31.10.2020	84468977	394	34311
31.10.2020	84468978	1746	36869
31.10.2020	84469024	343	32759
31.10.2020	84105982	413	1711
31.10.2020	84469031	1144	40386
31.10.2020	84469095	276	38457
31.10.2020	84469116	32	39877
31.10.2020	84469131	144	44806
31.10.2020	84469138	696	23567
31.10.2020	84469143	6	41279
31.10.2020	84469144	2402	40596
31.10.2020	84469147	930	23658
31.10.2020	83979957	21	97870
31.10.2020	84469154	756	14488
31.10.2020	84469156	140	36479
31.10.2020	84469294	2	49369
31.10.2020	84469296	1394	44870
31.10.2020	84469297	441	32801
31.10.2020	84469299	3029	20451
31.10.2020	84469317	33	41204
31.10.2020	84469318	1009	24115
31.10.2020	84469322	455	34344
31.10.2020	84469326	11	35879
31.10.2020	84469347	2201	33813
31.10.2020	84469362	3479	39238
31.10.2020	84472648	730	5757
31.10.2020	84472657	620	24472
31.10.2020	84472659	730	28544
31.10.2020	84472682	25	38120
31.10.2020	84472689	397	36450
31.10.2020	84472704	140	23467
31.10.2020	84472725	892	11534
31.10.2020	84472727	3218	12030
31.10.2020	84472730	16	39431
31.10.2020	84472731	13	31223
31.10.2020	84472910	1370	23941
31.10.2020	84472917	2842	34876
31.10.2020	84472919	418	41884
31.10.2020	84472923	39	25257
31.10.2020	84472925	9	30922
31.10.2020	84472926	1065	34821
31.10.2020	84472932	187	36433
31.10.2020	84472933	4	41953
31.10.2020	43925362	57	1154
31.10.2020	84472935	207	40409
31.10.2020	84472936	115	38988
31.10.2020	84472953	169	21408
31.10.2020	84483344	2	24232
31.10.2020	84483346	26	32547
31.10.2020	84483352	153	26218
31.10.2020	84483357	1110	18815
31.10.2020	84483360	363	37615
31.10.2020	84483361	14	28273
31.10.2020	43925366	0	1145
31.10.2020	84483507	865	21136
31.10.2020	84483508	2397	12882
31.10.2020	84483512	1	29188
31.10.2020	84483513	2726	27496
31.10.2020	84483517	1109	24737
31.10.2020	84483527	829	25960
31.10.2020	84483539	42	30294
31.10.2020	84271649	17	33671
31.10.2020	84483541	2356	22738
31.10.2020	84483553	8	26612
31.10.2020	84468894	44	41312
31.10.2020	84483555	10	30746
31.10.2020	84483557	64	22058
31.10.2020	84483564	310	35635
31.10.2020	84483565	1169	28913
31.10.2020	84483566	148	28673
31.10.2020	84483567	10	32552
31.10.2020	84483570	5	26671
31.10.2020	84483572	7	31732
31.10.2020	84483727	1359	6992
31.10.2020	84483730	3	19076
31.10.2020	84483733	1061	22115
31.10.2020	84483768	621	28364
31.10.2020	84483824	1097	3355
31.10.2020	84483825	422	19314
31.10.2020	84483826	442	20274
31.10.2020	84483834	5	19834
31.10.2020	84469153	9	40317
31.10.2020	84483850	3	22201
31.10.2020	84483857	450	3745
31.10.2020	84483872	58	15828
31.10.2020	84483876	1013	17762
31.10.2020	84483877	70	20932
31.10.2020	84483883	5	8871
31.10.2020	84483885	0	26467
31.10.2020	84483904	9	3556
31.10.2020	84483909	1470	24690
31.10.2020	84483920	1557	19708
31.10.2020	84484012	1391	30346
31.10.2020	84484043	71	32442
31.10.2020	84484069	112	14996
31.10.2020	84484076	2	31021
31.10.2020	84484105	1	26895
31.10.2020	84484284	343	22180
31.10.2020	84484299	12	27997
31.10.2020	84484301	1169	23712
31.10.2020	84500532	179	23548
31.10.2020	84500534	148	30475
31.10.2020	84105172	0	2334
31.10.2020	84500538	987	28154
31.10.2020	84500551	1308	12375
31.10.2020	84500536	0	20078
31.10.2020	84500567	1475	33913
31.10.2020	84500572	639	22106
31.10.2020	84500573	2688	15255
31.10.2020	84500580	70	32123
31.10.2020	84501471	347	30504
31.10.2020	84501486	1864	13176
31.10.2020	84501508	470	22350
31.10.2020	84501509	2449	11879
31.10.2020	84501511	361	16154
31.10.2020	84472710	494	13564
31.10.2020	84472669	4717	3169
31.10.2020	84503968	1	10996
31.10.2020	84504013	4	18040
31.10.2020	84514849	179	7605
31.10.2020	84514926	182	17998
31.10.2020	84514940	21	21503
31.10.2020	84515012	101	25568
31.10.2020	84515022	486	9665
31.10.2020	84515047	421	28224
31.10.2020	84457093	304	18647
31.10.2020	83979903	25929	90760
31.10.2020	84515383	308	23317
31.10.2020	84515390	5	16953
31.10.2020	84515391	13	24144
31.10.2020	84515395	695	18779
31.10.2020	84515400	26	18079
31.10.2020	84207729	743	44215
31.10.2020	84515432	651	19335
31.10.2020	84515437	266	16429
31.10.2020	84515447	1320	6982
31.10.2020	84515451	29	20264
31.10.2020	84515460	1674	20157
31.10.2020	84871394	1684	41305
31.10.2020	84271582	3603	23256
31.10.2020	03410174	37051	109924
31.10.2020	84150264	0	53553
31.10.2020	84515435	257	9888
31.10.2020	84515034	584	12011
31.10.2020	84457036	1163	35885
31.10.2020	84469030	4	38636
31.10.2020	43250375	15843	72542
31.10.2020	84107154	4507	30594
31.10.2020	84472934	86	42609
31.10.2020	84231566	1967	79107
31.10.2020	84391557	118	35451
31.10.2020	84537020	26	10990
31.10.2020	84537013	8	13986
31.10.2020	84515389	183	13375
31.10.2020	84537056	217	13789
31.10.2020	84504311	145	11890
31.10.2020	84504098	13	14414
31.10.2020	84515396	35	13915
31.10.2020	84504086	12	11329
31.10.2020	84504089	10	11905
31.10.2020	84514923	6	11973
31.10.2020	84504084	15	11407
31.10.2020	84483558	10	10244
31.10.2020	84515387	326	1575
31.10.2020	84514936	2	12163
31.10.2020	84515442	524	7585
31.10.2020	84472866	233	1802
31.10.2020	84501238	1	10940
31.10.2020	84504021	54	13085
31.10.2020	84537427	73	11196
31.10.2020	84515399	8	13094
31.10.2020	84515446	324	8967
31.10.2020	84515312	366	2483
31.10.2020	84515454	339	2245
31.10.2020	84515434	0	13618
31.10.2020	84483842	318	15804
31.10.2020	84501242	3	9985
31.10.2020	84501246	3	9384
31.10.2020	84501274	5	11435
31.10.2020	84501247	309	5302
31.10.2020	84515293	1	15798
31.10.2020	84484247	148	11133
31.10.2020	84503938	16	9695
31.10.2020	54814875	209	4885
31.10.2020	84515166	0	4634
31.10.2020	84515315	457	2340
31.10.2020	84332960	1	10192
31.10.2020	84537394	3	3697
31.10.2020	84504507	206	7263
31.10.2020	84483559	7	8352
31.10.2020	84537044	176	5857
31.10.2020	84537010	21	11245
31.10.2020	84537432	560	8411
31.10.2020	84304840	8789	6277
31.10.2020	84501276	34	9197
31.10.2020	84105170	0	10470
31.10.2020	84515463	271	2509
31.10.2020	84514972	366	2868
31.10.2020	84515512	417	987
31.10.2020	84515563	3	4251
31.10.2020	84537510	1	2902
31.10.2020	84537380	209	1520
31.10.2020	84537442	232	6817
31.10.2020	84504521	103	6227
31.10.2020	84537460	560	3362
31.10.2020	84504509	40	5722
31.10.2020	84504504	15	8133
31.10.2020	84537462	497	2101
31.10.2020	84501049	0	3446
31.10.2020	84501085	0	3392
31.10.2020	84501064	0	3645
31.10.2020	84537440	50	5449
31.10.2020	84515322	0	4244
31.10.2020	84537449	11	2135
31.10.2020	84503997	10	5231
31.10.2020	84514749	2	6926
31.10.2020	84537385	167	1461
31.10.2020	84483535	0	5410
31.10.2020	84515455	3	2369
31.10.2020	84483731	4	4176
31.10.2020	84515510	1600	4216
31.10.2020	84515453	326	4433
31.10.2020	84515052	1	3466
31.10.2020	84515344	326	3767
31.10.2020	84536886	298	3254
31.10.2020	84501061	3	5203
31.10.2020	84537154	159	6829
31.10.2020	84501093	21	7685
31.10.2020	84501094	0	5143
31.10.2020	84515143	2	7255
31.10.2020	84515135	0	4578
31.10.2020	84515566	5	4128
31.10.2020	84537386	3	3061
31.10.2020	84501249	1	7540
31.10.2020	84501237	0	2636
31.10.2020	84514834	2	1312
31.10.2020	84504511	3291	5046
31.10.2020	84515527	0	1221
31.10.2020	84501260	0	2489
31.10.2020	84501243	0	2469
31.10.2020	84501254	0	2867
31.10.2020	84501258	0	2896
31.10.2020	84536897	212	1500
31.10.2020	84484101	0	2842
31.10.2020	84483571	1	2933
31.10.2020	84537059	55	2852
31.10.2020	84515373	2	2663
31.10.2020	84504083	2	2649
31.10.2020	84515556	0	2673
31.10.2020	84504120	126	2205
31.10.2020	84514931	486	2683
31.10.2020	84501240	40	1156
31.10.2020	84501257	21	1551
31.10.2020	84501278	0	744
31.10.2020	84537391	0	2784
31.10.2020	84504503	0	2634
31.10.2020	84515516	74	855
31.10.2020	84515560	301	1455
31.10.2020	84537578	9	233
31.10.2020	84537155	378	2933
31.10.2020	84514924	32	3362
31.10.2020	84537150	0	1556
31.10.2020	84515475	0	3104
31.10.2020	84537130	0	2042
31.10.2020	84501084	55	2254
31.10.2020	84514969	401	150
31.10.2020	84483779	20	788
31.10.2020	84537156	0	609
31.10.2020	84503924	32	604
31.10.2020	84515532	0	2444
31.10.2020	84537153	65	735
31.10.2020	54814892	0	751
31.10.2020	84515564	0	33
31.10.2020	84537159	0	38
31.10.2020	84515482	130	97
31.10.2020	84501307	5	53
31.10.2020	84537160	133	86
31.10.2020	84537371	121	26