Дата оплаты	Лицевой счет	Сумма
04.02.2021	010101060	975,42
04.02.2021	010103033	1153,21
04.02.2021	010103101	821,66
04.02.2021	010104158	1518,39
04.02.2021	010104159	1436,71
04.02.2021	010105085	2099,80
04.02.2021	010106287	1359,83
04.02.2021	010107242	211,63
04.02.2021	010107399	922,57
04.02.2021	010107413	1018,67
04.02.2021	010107418	1758,64
04.02.2021	010107419	1119,58
04.02.2021	010107420	1451,12
04.02.2021	010108239	571,80
04.02.2021	010111028	1095,55
04.02.2021	010113025	509,33
04.02.2021	010117082	2532,26
04.02.2021	010125119	442,06
04.02.2021	010125122	1725,01
04.02.2021	010126078	2746,77
04.02.2021	010127009	759,19
04.02.2021	010301064	2364,08
04.02.2021	010301158	1912,41
04.02.2021	010302217	345,96
04.02.2021	010303178	1571,25
04.02.2021	010303307	1167,63
04.02.2021	010303328	2306,42
04.02.2021	010304008	1129,19
04.02.2021	010305200	663,09
04.02.2021	010401004	2993,55
04.02.2021	010401223	2450,58
04.02.2021	010401224	2959,91
04.02.2021	010402275	2193,96
04.02.2021	010403288	1602,28
04.02.2021	010606008	369,99
04.02.2021	010606330	922,57
04.02.2021	010606334	2935,88
04.02.2021	010606335	2258,37
04.02.2021	010606336	2599,53
04.02.2021	010609178	1614,50
08.02.2021	010609196	2176,69
04.02.2021	010609197	1624,11
04.02.2021	010609198	965,81
04.02.2021	010610205	2359,28
04.02.2021	010610310	115,32
04.02.2021	010701177	2625,84
04.02.2021	010701179	3208,89
04.02.2021	010801006	1446,32
04.02.2021	010801037	2325,64
04.02.2021	010801066	1167,63
04.02.2021	010801088	3353,92
04.02.2021	010801258	1066,72
04.02.2021	010803223	3253,01
04.02.2021	010803224	3161,72
04.02.2021	010806172	2378,50
04.02.2021	010806181	2551,48
04.02.2021	010904008	2090,31
04.02.2021	010904083	1681,76
04.02.2021	010909104	2751,10
04.02.2021	010909326	3320,29
04.02.2021	010912320	1691,37
04.02.2021	011005084	1350,22
04.02.2021	011005093	235,44
04.02.2021	011006138	821,66
04.02.2021	011006191	2537,07
04.02.2021	020102862	129,73
04.02.2021	020103206	2258,37
04.02.2021	020104081	3031,98
04.02.2021	020105062	2479,40
04.02.2021	020105639	2700,44
04.02.2021	020105640	2791,73
04.02.2021	020107269	932,18
04.02.2021	020107310	2887,83
04.02.2021	020107359	2657,20
04.02.2021	020114118	336,35
04.02.2021	020116313	1403,08
04.02.2021	020118169	159,80
04.02.2021	020118171	2133,50
04.02.2021	030302336	86,38
04.02.2021	030403260	2527,45
04.02.2021	030406072	533,36
04.02.2021	030410023	2186,30
04.02.2021	030410041	1554,78
04.02.2021	030410211	1986,66
04.02.2021	030506117	1071,52
04.02.2021	030604147	120,13
04.02.2021	030701125	2094,63
04.02.2021	030702022	902,64
04.02.2021	030709184	1206,07
04.02.2021	031205167	868,08
04.02.2021	040104070	2003,70
04.02.2021	040104235	1710,60
04.02.2021	040106175	422,84
04.02.2021	040107510	893,74
04.02.2021	040109298	211,63
04.02.2021	040801071	2263,06
04.02.2021	040801214	2056,56
04.02.2021	040901637	2585,11
05.02.2021	041102882	1950,85
04.02.2021	050101026	2157,47
04.02.2021	050101206	2652,39
04.02.2021	050101209	1179,04
04.02.2021	050101333	1979,68
04.02.2021	050101403	1989,29
04.02.2021	050102194	1513,60
04.02.2021	050102257	2109,41
04.02.2021	050102284	1878,77
04.02.2021	050102485	1609,70
04.02.2021	050103171	2292,00
04.02.2021	050103318	2436,16
04.02.2021	050103407	1460,74
04.02.2021	050111061	345,50
04.02.2021	050111237	2301,61
04.02.2021	050111337	1970,07
04.02.2021	050113034	2210,32
04.02.2021	050113067	2397,71
04.02.2021	050113203	1576,05
04.02.2021	050113245	2104,60
04.02.2021	050113323	2271,70
04.02.2021	050113453	2594,72
04.02.2021	050113462	1417,50
04.02.2021	050113463	956,20
04.02.2021	050113464	3766,02
04.02.2021	050114272	2147,85
04.02.2021	050114423	1552,03
04.02.2021	050114425	1873,97
04.02.2021	050115050	860,10
04.02.2021	050116167	1220,49
04.02.2021	050201060	2647,58
04.02.2021	050201123	2335,25
04.02.2021	050201202	1888,38
04.02.2021	050201299	2556,29
04.02.2021	050201331	451,67
04.02.2021	050201335	2820,56
04.02.2021	050202090	2436,16
04.02.2021	050202092	2402,92
04.02.2021	050202354	1893,19
04.02.2021	050202382	2219,93
04.02.2021	050202410	369,99
04.02.2021	050203040	2753,30
04.02.2021	050203041	2022,93
04.02.2021	050203209	2666,81
04.02.2021	050203401	2508,23
04.02.2021	050203407	1893,19
04.02.2021	050203415	2436,16
04.02.2021	050203425	2633,16
04.02.2021	050204134	72,08
04.02.2021	050204180	2191,10
04.02.2021	050204215	2234,35
04.02.2021	050204216	1926,83
04.02.2021	050301021	2200,71
04.02.2021	050301106	759,19
04.02.2021	050301151	2457,42
04.02.2021	050301178	1455,93
04.02.2021	050301238	1692,98
04.02.2021	050301419	2440,96
04.02.2021	050301422	894,00
04.02.2021	050302145	2157,47
04.02.2021	050302154	2392,91
04.02.2021	050302219	1071,52
04.02.2021	050302291	1859,55
04.02.2021	050302493	2618,75
04.02.2021	050303030	1292,56
04.02.2021	050303247	2416,94
04.02.2021	050303301	2916,66
04.02.2021	050303305	2743,69
04.02.2021	050304359	434,14
04.02.2021	050304392	2686,02
04.02.2021	050304495	100,91
04.02.2021	050305091	1148,40
04.02.2021	050305234	1921,88
04.02.2021	050305381	2277,59
04.02.2021	050306327	2724,45
04.02.2021	050307072	2748,49
04.02.2021	050307396	2455,38
04.02.2021	050401066	2599,53
04.02.2021	050401080	2561,09
04.02.2021	050401165	2834,97
04.02.2021	050401172	2287,20
04.02.2021	050401179	2841,79
04.02.2021	050401226	2844,59
04.02.2021	050401239	2652,39
04.02.2021	050401241	2541,87
04.02.2021	050401428	3228,99
04.02.2021	050402129	2416,94
04.02.2021	050402156	2565,90
04.02.2021	050402185	1023,57
04.02.2021	050402188	2522,65
04.02.2021	050402219	2431,35
04.02.2021	050402245	499,73
04.02.2021	050402374	1602,28
04.02.2021	050402413	3094,45
04.02.2021	050402414	3147,30
04.02.2021	050402415	2103,27
04.02.2021	050402416	1969,38
04.02.2021	050402417	19737,03
04.02.2021	050402418	20000,48
04.02.2021	050403023	2397,71
04.02.2021	050403109	50223,62
04.02.2021	050403187	2575,50
04.02.2021	050403218	2551,48
04.02.2021	050403219	2652,39
04.02.2021	050403335	2983,93
04.02.2021	050403432	19970,24
04.02.2021	050404029	2189,65
04.02.2021	050404044	2772,51
04.02.2021	050404059	3060,81
04.02.2021	050501044	1657,74
04.02.2021	050501046	1268,53
04.02.2021	050501117	1508,79
04.02.2021	050501276	2734,07
04.02.2021	050502144	2988,63
04.02.2021	050503124	2932,49
04.02.2021	050503227	2710,05
04.02.2021	050503383	2474,60
04.02.2021	050504197	2647,58
04.02.2021	050504373	2585,11
04.02.2021	050505366	3065,62
04.02.2021	050801147	4,81
04.02.2021	050901150	2806,15
04.02.2021	050901151	2810,95
04.02.2021	051201056	2959,91
04.02.2021	051202116	3464,44
04.02.2021	051202132	2647,44
04.02.2021	051301225	2421,74
04.02.2021	051601064	2537,07
04.02.2021	051601082	2181,49
04.02.2021	051601090	3512,49
04.02.2021	051601096	2287,20
04.02.2021	051601123	2407,33
04.02.2021	051601145	2090,20
04.02.2021	051601146	2657,20
04.02.2021	051601147	2436,16
04.02.2021	052101153	2211,24
04.02.2021	052201019	2940,68
04.02.2021	052201100	2883,03
04.02.2021	052901067	1763,45
04.02.2021	052901145	2796,54
04.02.2021	052901146	2027,73
04.02.2021	052901147	2652,39
04.02.2021	053001192	2772,69
04.02.2021	053301039	2849,40
04.02.2021	053301048	2983,93
04.02.2021	053301050	2767,70
04.02.2021	053701328	2221,19
04.02.2021	054001326	2724,45
04.02.2021	054001327	2570,70
04.02.2021	054001328	2493,82
04.02.2021	054001329	2710,05
04.02.2021	054201095	2474,60
04.02.2021	054201214	2801,34
04.02.2021	054201225	360,38
04.02.2021	054201281	2565,90
04.02.2021	054201426	2133,45
04.02.2021	054601050	2316,03
04.02.2021	054601185	1364,63
04.02.2021	054602069	2120,55
04.02.2021	054602169	2016,90
04.02.2021	054801097	1878,77
04.02.2021	054901004	2018,12
04.02.2021	054901005	2145,47
04.02.2021	054901107	1715,40
04.02.2021	054901108	2368,89
04.02.2021	054901114	2162,27
04.02.2021	054901125	2517,84
04.02.2021	055001098	2402,52
04.02.2021	055001290	2388,10
04.02.2021	055001302	1182,03
04.02.2021	055601007	2056,56
04.02.2021	055601316	2854,20
04.02.2021	055601317	3007,95
04.02.2021	055601318	3003,16
04.02.2021	055601319	3089,65
04.02.2021	055601320	3003,16
04.02.2021	055701020	2618,75
04.02.2021	056101049	2729,26
04.02.2021	056101064	2724,45
04.02.2021	056101092	2373,70
04.02.2021	060104348	276,41
04.02.2021	060105407	2469,80
04.02.2021	060105501	2700,44
04.02.2021	060107669	2878,22
04.02.2021	060201049	2552,43
04.02.2021	060204361	2143,05
04.02.2021	060205411	3887,28
04.02.2021	060206540	682,37
04.02.2021	060207634	3156,92
04.02.2021	060210976	2301,61
04.02.2021	060301050	47,51
04.02.2021	060301055	1715,40
04.02.2021	060301069	3108,86
04.02.2021	060303241	2484,21
04.02.2021	060304392	701,54
04.02.2021	060306550	2892,64
04.02.2021	060309841	2195,90
04.02.2021	060309843	1671,39
04.02.2021	060309890	47,51
04.02.2021	060403246	2652,39
04.02.2021	060406588	2003,70
04.02.2021	060406592	3056,01
04.02.2021	060505237	56,14
04.02.2021	060602173	2206,93
04.02.2021	060701030	1114,77
04.02.2021	061008769	3118,47
04.02.2021	061210940	2436,16
04.02.2021	061301091	2311,22
04.02.2021	061301093	2080,59
04.02.2021	061301094	2008,50
04.02.2021	061301095	2022,93
04.02.2021	061301096	1859,55
04.02.2021	061309858	1340,61
04.02.2021	061408779	3478,86
04.02.2021	061410892	1638,52
04.02.2021	061410894	3144,10
04.02.2021	061702406	2402,52
04.02.2021	061702410	2388,10
04.02.2021	061703008	2892,64
04.02.2021	061703031	2484,21
04.02.2021	080101516	720,76
04.02.2021	080104226	1580,86
04.02.2021	080104227	1556,84
04.02.2021	080104228	1907,60
04.02.2021	080105231	1451,12
04.02.2021	080105233	1998,89
04.02.2021	080105234	1998,89
04.02.2021	080108003	994,65
04.02.2021	080201024	855,29
04.02.2021	080201161	1597,96
04.02.2021	080202096	1201,26
04.02.2021	080204035	1541,82
04.02.2021	080204076	1204,96
04.02.2021	080204083	272,09
04.02.2021	080204132	885,36
04.02.2021	080204164	1479,95
04.02.2021	080204280	2569,51
04.02.2021	080205148	1744,81
04.02.2021	080206050	1969,38
04.02.2021	080206107	1502,95
04.02.2021	080206122	1427,10
04.02.2021	080206149	1166,12
04.02.2021	080206151	384,41
04.02.2021	080206187	331,55
04.02.2021	080206217	1138,79
04.02.2021	080207229	1854,74
04.02.2021	080208208	2061,36
04.02.2021	080208259	1567,74
04.02.2021	080208260	963,10
04.02.2021	080210121	807,25
05.02.2021	080303154	1213,60
05.02.2021	080306263	1222,24
05.02.2021	080306332	1124,38
05.02.2021	080309120	1297,37
05.02.2021	080310141	587,36
05.02.2021	080311058	2595,61
05.02.2021	080311219	1192,00
05.02.2021	080312065	1672,15
05.02.2021	080313004	1334,52
05.02.2021	080401141	2887,83
05.02.2021	080401188	1744,23
05.02.2021	080404098	1667,35
05.02.2021	080406035	216,23
05.02.2021	080406167	148,95
05.02.2021	080407013	1133,99
05.02.2021	080407087	2228,51
05.02.2021	080407089	1081,13
05.02.2021	080407217	1821,11
05.02.2021	080409157	686,69
05.02.2021	080501038	1593,65
05.02.2021	080504109	1567,74
05.02.2021	080508199	1355,02
05.02.2021	080508255	1053,79
05.02.2021	080509308	829,22
05.02.2021	080602277	1158,01
05.02.2021	080606078	1263,73
05.02.2021	080711085	1941,24
05.02.2021	080721268	820,58
05.02.2021	080801029	1667,35
05.02.2021	080808054	2110,13
05.02.2021	080903236	2969,52
05.02.2021	080903237	2219,93
05.02.2021	081003046	1455,93
05.02.2021	081004042	1895,97
05.02.2021	081008182	1816,31
05.02.2021	081010157	48,05
05.02.2021	081010245	2517,88
05.02.2021	081014024	1688,66
05.02.2021	081015179	1731,85
05.02.2021	081016295	2186,30
05.02.2021	081016296	1498,64
05.02.2021	081016297	1662,75
05.02.2021	081016298	1412,26
05.02.2021	081016299	1641,15
05.02.2021	081016300	1658,43
05.02.2021	081016301	1425,21
05.02.2021	081016302	1895,97
05.02.2021	081016303	2254,42
05.02.2021	081016304	1459,76
05.02.2021	081016305	1891,64
05.02.2021	081016306	2012,57
05.02.2021	081016307	1934,84
05.02.2021	081016308	1636,84
05.02.2021	081016309	2003,94
05.02.2021	081016310	1934,84
05.02.2021	081017143	1740,49
05.02.2021	081017144	2323,52
05.02.2021	081017145	1645,48
05.02.2021	090733230	2887,83
05.02.2021	090733679	475,07
05.02.2021	090733691	1081,13
05.02.2021	090817103	1350,22
05.02.2021	090817378	792,84
05.02.2021	091501239	3096,60
05.02.2021	091501241	3489,61
05.02.2021	091504050	2047,12
05.02.2021	091504293	2345,12
05.02.2021	091505134	1317,25
05.02.2021	091505161	1076,33
05.02.2021	091508130	2940,68
05.02.2021	091508169	2575,50
05.02.2021	091508233	3695,08
05.02.2021	091508596	1422,29
05.02.2021	091508609	2720,86
05.02.2021	091509183	1749,04
05.02.2021	091509286	2267,39
05.02.2021	091509405	1101,31
05.02.2021	091509531	1312,93
05.02.2021	091509555	3031,82
05.02.2021	091509556	2902,25
05.02.2021	091509557	3005,90
05.02.2021	091509558	2971,35
05.02.2021	091604156	1042,69
05.02.2021	091604237	1412,69
05.02.2021	091604399	1585,66
05.02.2021	091604400	2782,12
05.02.2021	091605005	826,47
05.02.2021	091605216	911,28
05.02.2021	091605600	2167,08
05.02.2021	091605608	1984,48
05.02.2021	091605656	1071,52
05.02.2021	091605704	1124,38
05.02.2021	091605705	100,91
05.02.2021	091605715	33,63
05.02.2021	091605720	1420,89
05.02.2021	091606123	1431,90
05.02.2021	091609470	591,03
05.02.2021	091609480	2666,81
05.02.2021	091701026	533,36
05.02.2021	091705055	355,57
05.02.2021	091705071	2296,81
05.02.2021	091705246	2349,67
05.02.2021	091705263	1811,50
05.02.2021	091705303	1114,77
05.02.2021	091705304	365,18
05.02.2021	091705351	2396,96
05.02.2021	091705445	1696,18
05.02.2021	091705446	3392,36
05.02.2021	091705447	917,77
05.02.2021	091706234	1541,82
05.02.2021	091708026	3036,79
05.02.2021	091708096	3546,12
05.02.2021	091708097	2637,97
05.02.2021	091709207	1686,57
05.02.2021	091801033	2586,98
05.02.2021	091802194	2450,58
05.02.2021	091804080	1230,09
05.02.2021	091804087	1225,29
05.02.2021	091804095	245,05
05.02.2021	091804177	2535,15
05.02.2021	091804353	1845,14
05.02.2021	091804407	1979,68
05.02.2021	091804411	1675,71
05.02.2021	091804412	1114,26
05.02.2021	091804413	747,16
05.02.2021	091804414	1714,58
05.02.2021	091805068	2762,91
05.02.2021	091805355	2003,70
05.02.2021	091807174	842,18
05.02.2021	091808052	129,57
05.02.2021	091808060	840,89
05.02.2021	091808166	1657,74
05.02.2021	091808187	2267,98
05.02.2021	091808240	3291,46
05.02.2021	091808257	3426,00
05.02.2021	091808360	1018,67
05.02.2021	091808361	2569,51
05.02.2021	091808478	349,83
05.02.2021	091808538	1090,40
05.02.2021	091808580	1686,57
05.02.2021	091808589	3104,06
05.02.2021	091808653	312,33
05.02.2021	091808676	1153,21
05.02.2021	091808689	3017,56
05.02.2021	091808695	3176,14
05.02.2021	091808705	1109,94
05.02.2021	091901175	1071,52
05.02.2021	091901382	863,76
05.02.2021	091901422	1265,42
05.02.2021	091903013	2979,13
05.02.2021	091903157	1340,61
05.02.2021	091903260	615,04
05.02.2021	091903538	1133,99
05.02.2021	091903596	1528,00
05.02.2021	091903719	422,84
05.02.2021	091903926	591,03
05.02.2021	091903967	1114,77
05.02.2021	091903989	1153,21
05.02.2021	091903995	1417,50
05.02.2021	091906051	2431,35
05.02.2021	091906934	2969,52
05.02.2021	091906935	2974,32
05.02.2021	091907741	1061,91
05.02.2021	092001152	2657,20
05.02.2021	092001444	1624,11
05.02.2021	092002086	2887,83
05.02.2021	092005016	182,59
05.02.2021	092005090	744,78
05.02.2021	092005678	235,44
05.02.2021	092005712	1816,31
05.02.2021	092005714	1364,63
05.02.2021	092006253	1518,39
05.02.2021	092006279	1287,75
05.02.2021	092006280	1667,35
05.02.2021	092007696	2362,54
05.02.2021	092007821	1436,71
05.02.2021	092007825	2955,11
05.02.2021	092008099	1902,79
05.02.2021	092008107	1009,06
05.02.2021	092008117	1166,08
05.02.2021	092008207	735,17
05.02.2021	092008298	820,58
05.02.2021	092008352	67,28
05.02.2021	092008359	610,24
05.02.2021	092008369	461,28
05.02.2021	092008424	2263,18
05.02.2021	092008426	3051,21
05.02.2021	092008429	2061,36
05.02.2021	092008431	902,64
05.02.2021	092008433	2513,04
05.02.2021	092008434	1258,92
05.02.2021	092008436	902,64
05.02.2021	092008437	1801,89
05.02.2021	092008438	2561,09
05.02.2021	092008439	2873,42
05.02.2021	092008440	2229,55
05.02.2021	092008484	3762,35
05.02.2021	092008499	1507,27
05.02.2021	092008500	1416,57
05.02.2021	092008501	1028,28
05.02.2021	092008502	1144,49
05.02.2021	092008506	2479,40
05.02.2021	092008518	932,87
05.02.2021	092008519	2656,08
05.02.2021	092008520	872,40
05.02.2021	092008521	2310,58
05.02.2021	092008522	2239,15
05.02.2021	092008523	583,05
05.02.2021	092008524	310,96
05.02.2021	092008545	22220,36
05.02.2021	092008546	20700,13
05.02.2021	092008547	18596,86
05.02.2021	100105093	985,04
05.02.2021	100106030	908,15
05.02.2021	100119224	1974,87
05.02.2021	100119225	1037,89
05.02.2021	100122212	1028,28
05.02.2021	100145127	124,93
05.02.2021	100202066	672,71
05.02.2021	100202079	341,16
05.02.2021	100214157	1926,83
05.02.2021	100215247	418,04
05.02.2021	100216071	2575,50
05.02.2021	100217052	216,23
05.02.2021	100302058	267,77
05.02.2021	100304339	1215,68
05.02.2021	100311096	499,73
05.02.2021	100317010	124,93
05.02.2021	100320025	2402,52
05.02.2021	100402046	864,90
05.02.2021	100411056	1931,63
05.02.2021	100411088	773,61
05.02.2021	100503108	1196,46
05.02.2021	100511189	197,01
05.02.2021	100606026	488,03
05.02.2021	100610190	1723,21
05.02.2021	100611057	1494,37
05.02.2021	100615005	331,55
05.02.2021	100619352	1167,63
05.02.2021	100620166	912,96
05.02.2021	100626091	1700,98
05.02.2021	100627051	2647,58
05.02.2021	100627176	2147,85
05.02.2021	100628035	2662,00
05.02.2021	100628050	354,14
05.02.2021	100630093	639,07
05.02.2021	100631054	1888,38
05.02.2021	100631099	850,49
05.02.2021	100649031	2349,67
05.02.2021	100649032	2426,55
05.02.2021	100649033	2868,61
05.02.2021	100701112	2022,93
05.02.2021	100701205	1503,99
05.02.2021	100701221	1532,81
05.02.2021	100703118	2509,24
05.02.2021	100707142	355,57
05.02.2021	100708097	561,45
05.02.2021	100709063	307,53
05.02.2021	100803118	1278,13
05.02.2021	100806081	2599,53
05.02.2021	100807079	1196,46
05.02.2021	100809048	855,29
05.02.2021	100809051	1167,63
05.02.2021	100809084	922,57
05.02.2021	100809123	1797,09
05.02.2021	100810083	148,95
05.02.2021	100810136	2392,91
05.02.2021	100810137	2368,89
05.02.2021	100813355	2340,06
05.02.2021	100813434	1671,39
05.02.2021	100813577	2438,26
05.02.2021	100813688	634,27
05.02.2021	100813758	924,23
05.02.2021	100813767	576,61
05.02.2021	100813772	1004,26
05.02.2021	100813790	1393,46
05.02.2021	100813800	1096,98
05.02.2021	100813811	2940,68
05.02.2021	100814260	730,37
05.02.2021	100818082	1537,62
05.02.2021	100818341	1431,90
05.02.2021	100818502	2120,55
05.02.2021	100819206	1066,72
05.02.2021	100819239	826,47
05.02.2021	100819243	1004,26
05.02.2021	100819366	3339,51
05.02.2021	100819372	466,09
05.02.2021	100819383	2133,45
05.02.2021	100819385	1345,41
05.02.2021	100819387	3325,49
05.02.2021	100909089	898,54
05.02.2021	100912100	2038,49
05.02.2021	100915032	1037,89
05.02.2021	100917115	1311,78
05.02.2021	100918027	1893,19
05.02.2021	100919041	1342,81
05.02.2021	100920110	269,08
05.02.2021	100920257	1624,11
05.02.2021	100923109	1033,09
05.02.2021	100926031	1556,84
05.02.2021	100926247	557,38
05.02.2021	100926316	2157,47
05.02.2021	100992042	91,30
05.02.2021	101014077	56,14
05.02.2021	101014159	667,90
05.02.2021	101015125	2594,72
05.02.2021	101105047	2032,54
05.02.2021	101106173	1758,64
05.02.2021	101112080	2330,46
05.02.2021	101112127	2541,87
05.02.2021	101115043	739,98
05.02.2021	101203129	600,64
05.02.2021	101204136	970,62
05.02.2021	101207041	615,04
05.02.2021	101208016	2066,17
05.02.2021	101209103	576,61
05.02.2021	101217059	72,08
05.02.2021	101221020	2018,12
05.02.2021	101224119	1244,51
05.02.2021	101224282	317,13
05.02.2021	101225048	163,38
05.02.2021	101228104	2522,65
05.02.2021	101230021	33,63
05.02.2021	101230045	333,18
05.02.2021	101230059	499,73
05.02.2021	101231076	2513,04
05.02.2021	101231233	1388,65
05.02.2021	101302054	1946,05
05.02.2021	101302055	2243,96
05.02.2021	101305122	1845,14
05.02.2021	101307044	956,20
05.02.2021	101308259	1825,92
05.02.2021	101308260	1254,12
05.02.2021	101311070	1095,55
05.02.2021	101313257	480,51
05.02.2021	101313398	99,34
05.02.2021	101313399	1138,79
05.02.2021	101313454	2753,30
05.02.2021	101313458	2522,19
05.02.2021	101316036	738,52
05.02.2021	101317012	2013,31
05.02.2021	101318019	1499,18
05.02.2021	101318167	1734,62
05.02.2021	101318225	566,99
05.02.2021	101319005	1571,25
05.02.2021	101320308	989,84
05.02.2021	101320363	2527,45
05.02.2021	101320405	100,91
08.02.2021	101320439	2575,50
08.02.2021	101321069	1374,24
08.02.2021	110103069	2807,23
08.02.2021	110103280	2427,18
08.02.2021	110106065	2155,09
08.02.2021	110106081	413,23
08.02.2021	110117032	2364,08
08.02.2021	110117043	3320,29
08.02.2021	110601185	302,72
08.02.2021	110601203	840,89
08.02.2021	110604042	2700,44
08.02.2021	110701009	2200,71
08.02.2021	110701010	1676,96
08.02.2021	110701157	2147,85
08.02.2021	110701203	2267,98
08.02.2021	110701215	1931,63
08.02.2021	111203127	3262,63
08.02.2021	111203239	2513,04
08.02.2021	111203324	2834,97
08.02.2021	111203325	3450,02
10.02.2021	111401003	696,74
08.02.2021	111401071	2761,35
08.02.2021	111401297	2061,36
08.02.2021	111404087	2551,48
08.02.2021	111404235	1494,37
08.02.2021	111404252	2705,24
08.02.2021	111404253	3132,89
08.02.2021	111404258	2802,92
08.02.2021	120103085	2388,32
08.02.2021	124412082	1955,65
08.02.2021	125129055	2253,57
08.02.2021	125129056	3685,47
08.02.2021	125590004	2316,03
08.02.2021	125590005	3036,79
08.02.2021	125590006	2753,30
08.02.2021	125590007	2724,45
08.02.2021	125590008	3123,28
08.02.2021	126611056	4026,63
08.02.2021	126611057	4483,11
08.02.2021	126611058	4574,40
08.02.2021	126611059	4439,87
08.02.2021	126611060	4531,16
08.02.2021	126611061	4545,57
08.02.2021	126611062	4521,55
08.02.2021	126636135	2263,18
08.02.2021	127745019	1821,11
08.02.2021	129962036	182,59
08.02.2021	129962037	715,95
08.02.2021	129962104	523,75
08.02.2021	129962105	687,13
08.02.2021	130311009	1297,37
08.02.2021	130315209	3070,43
08.02.2021	130315210	2657,20
08.02.2021	130315211	2585,11
08.02.2021	130315212	2633,16
08.02.2021	130315310	2383,30
08.02.2021	130315311	2037,35
08.02.2021	130315313	3305,87
08.02.2021	130315314	2402,52
08.02.2021	130315316	3315,48
08.02.2021	130505489	2935,88
08.02.2021	131002182	2198,29
08.02.2021	131709940	291,25
08.02.2021	131710040	100,91
08.02.2021	131710248	2077,36
08.02.2021	140001454	1470,34
08.02.2021	140001528	1532,81
08.02.2021	140001835	1316,59
08.02.2021	140002534	2969,52
08.02.2021	140002621	980,23
08.02.2021	140003607	1643,33
08.02.2021	140012303	273,89
08.02.2021	140068405	3017,56
08.02.2021	155517066	547,78
08.02.2021	155524035	1705,94
08.02.2021	155601015	360,38
08.02.2021	155601043	2733,82
08.02.2021	156703011	2604,33
08.02.2021	156808029	2569,71
08.02.2021	156808031	2453,09
08.02.2021	156808034	2455,38
08.02.2021	156808036	2176,69
08.02.2021	156810026	1768,25
08.02.2021	157011020	3887,28
08.02.2021	157011063	2575,50
08.02.2021	157011085	1542,42
08.02.2021	157012051	2959,91
08.02.2021	157014027	1383,85
08.02.2021	157014037	2724,45
08.02.2021	157016019	2950,31
08.02.2021	157016057	2859,01
08.02.2021	157020011	3338,45
08.02.2021	157021025	3166,53
08.02.2021	157025003	3195,36
08.02.2021	157027020	2695,63
08.02.2021	157027026	3377,95
08.02.2021	157401005	4387,00
08.02.2021	157401007	1907,60
08.02.2021	157401015	3472,34
08.02.2021	157401097	3272,24
08.02.2021	157401102	2878,22
08.02.2021	157804062	826,47
08.02.2021	157804064	2215,12
08.02.2021	158101007	3057,72
08.02.2021	158701076	2503,43
08.02.2021	158809016	1801,89
08.02.2021	158809018	872,40
08.02.2021	158811023	1210,88
08.02.2021	158811026	1946,05
08.02.2021	158819112	768,80
08.02.2021	158831012	379,60
08.02.2021	158837050	760,12
08.02.2021	158844031	1475,14
08.02.2021	158862015	2314,89
08.02.2021	158893002	2003,94
08.02.2021	158893037	751,48
08.02.2021	160101086	1282,94
08.02.2021	160201037	2700,44
08.02.2021	160201038	2205,51
08.02.2021	160201067	2152,66
08.02.2021	160201196	2517,84
08.02.2021	160501029	1762,08
08.02.2021	160501032	5886,56
08.02.2021	160501134	850,82
08.02.2021	160502185	2464,99
08.02.2021	160502187	2825,36
08.02.2021	160502223	1744,23
08.02.2021	160502361	2599,53
08.02.2021	160601139	3060,81
08.02.2021	160602078	2181,49
08.02.2021	160901180	994,81
08.02.2021	160901186	2460,19
08.02.2021	160903171	1334,52
08.02.2021	161101166	2786,93
08.02.2021	161701079	170,24
08.02.2021	161701081	2464,99
08.02.2021	161701121	2599,53
08.02.2021	161701151	2878,22
08.02.2021	161701247	2099,80
08.02.2021	161701248	2796,54
08.02.2021	161901063	2517,88
08.02.2021	162301152	1217,91
08.02.2021	162401273	1652,94
08.02.2021	162506176	1763,45
08.02.2021	162508325	1614,50
08.02.2021	162508331	2267,98
08.02.2021	162509038	1633,72
08.02.2021	162509063	2604,25
08.02.2021	162509331	2714,85
08.02.2021	162511187	1158,01
08.02.2021	162513205	3012,76
08.02.2021	162513305	2764,05
08.02.2021	162513308	1974,87
08.02.2021	162513309	2867,70
08.02.2021	162514305	3267,43
08.02.2021	162515222	2263,18
08.02.2021	162515239	2489,01
08.02.2021	162516141	2354,47
08.02.2021	162518203	456,48
08.02.2021	162521193	725,56
08.02.2021	162524180	1201,26
08.02.2021	162524609	2239,15
08.02.2021	162526101	5653,35
08.02.2021	162526105	2609,14
08.02.2021	162527006	2517,88
08.02.2021	162527007	2310,58
08.02.2021	162527009	2206,93
08.02.2021	162527024	2344,86
08.02.2021	162527025	2168,05
08.02.2021	162530016	2013,31
08.02.2021	162532114	2510,96
08.02.2021	162532560	1576,05
08.02.2021	162601120	2710,05
08.02.2021	162601211	2738,88
08.02.2021	162603003	1936,44
08.02.2021	162603042	1547,23
08.02.2021	162603177	1845,14
08.02.2021	162603186	2061,36
08.02.2021	162603191	2508,23
08.02.2021	162604039	2517,84
08.02.2021	162604083	3185,75
08.02.2021	162604404	2368,89
08.02.2021	162604496	2513,04
08.02.2021	162605036	3320,29
08.02.2021	162605154	3474,05
08.02.2021	162605221	3450,02
08.02.2021	162605275	2340,06
08.02.2021	162606238	2388,10
08.02.2021	162607046	831,27
08.02.2021	162607177	1883,58
08.02.2021	162607207	2392,91
08.02.2021	162608096	341,16
08.02.2021	162608305	970,62
08.02.2021	162610036	3180,94
08.02.2021	162610095	2181,49
08.02.2021	162610265	2123,84
08.02.2021	170103424	619,85
08.02.2021	170103455	1369,44
08.02.2021	170104037	1513,60
08.02.2021	170104433	1081,13
08.02.2021	170104451	349,83
08.02.2021	170104483	663,09
08.02.2021	170105110	1061,91
08.02.2021	170106076	1196,46
08.02.2021	170106088	321,93
08.02.2021	170106277	1162,82
08.02.2021	170107372	1710,60
08.02.2021	170108105	1902,79
08.02.2021	170108175	2243,96
08.02.2021	170108183	1325,88
08.02.2021	170108239	2489,01
08.02.2021	170109189	749,58
08.02.2021	170109203	970,62
08.02.2021	170110333	2070,97
08.02.2021	170111083	1835,51
08.02.2021	170112010	999,45
08.02.2021	170112160	1922,02
08.02.2021	170112164	2407,33
08.02.2021	170114034	1057,11
08.02.2021	170114604	1105,16
08.02.2021	170209575	1465,54
08.02.2021	170415548	1628,91
08.02.2021	170501090	250,49
08.02.2021	170506113	1268,53
08.02.2021	170506145	446,87
08.02.2021	170506146	1835,51
08.02.2021	170507115	2250,11
08.02.2021	170602168	1869,16
08.02.2021	170606027	2293,30
08.02.2021	170609087	2431,50
08.02.2021	170609128	699,65
08.02.2021	170612006	725,56
08.02.2021	170613049	1356,11
08.02.2021	170613053	1101,31
08.02.2021	170613055	1498,64
08.02.2021	170613060	1990,98
08.02.2021	170711073	3056,01
08.02.2021	170714456	3627,81
08.02.2021	170718008	3570,16
08.02.2021	170719145	3411,58
08.02.2021	170801063	1744,23
08.02.2021	170801191	2090,20
08.02.2021	170804128	1593,65
08.02.2021	170804138	1950,85
08.02.2021	170804155	2371,04
08.02.2021	170816034	3426,00
08.02.2021	170816051	3291,46
08.02.2021	170816052	3180,94
08.02.2021	170816053	3339,51
08.02.2021	170816054	3185,75
08.02.2021	170816055	3022,37
08.02.2021	170816056	2969,52
08.02.2021	170816057	2983,93
08.02.2021	180102212	1729,82
08.02.2021	180107150	1477,04
08.02.2021	180108166	1811,50
08.02.2021	180109058	2171,88
08.02.2021	180112033	2570,70
08.02.2021	180112064	432,45
08.02.2021	180113125	2330,46
08.02.2021	180205205	3178,65
08.02.2021	180207017	3733,52
08.02.2021	180207043	2660,40
08.02.2021	180209064	3118,47
08.02.2021	180209073	1893,19
08.02.2021	180209109	1547,23
08.02.2021	180211139	2509,24
08.02.2021	180213022	182,59
08.02.2021	180213081	2758,10
08.02.2021	180213107	418,93
08.02.2021	180213162	3334,70
08.02.2021	180213182	2280,34
08.02.2021	180214024	2844,59
08.02.2021	180214263	3426,00
08.02.2021	180235148	783,23
08.02.2021	180236085	3325,49
08.02.2021	180302011	2119,03
08.02.2021	180302012	1220,49
08.02.2021	180302115	1762,08
08.02.2021	180303141	1042,69
08.02.2021	180305027	3060,81
08.02.2021	180305176	1355,02
08.02.2021	180307189	2181,49
08.02.2021	180309058	2694,94
08.02.2021	180310012	1001,97
08.02.2021	180310096	2677,68
08.02.2021	180310173	1412,69
08.02.2021	180310175	1672,15
08.02.2021	180311104	2282,40
08.02.2021	180311171	1873,97
08.02.2021	180311227	2594,72
08.02.2021	180311228	2046,95
08.02.2021	180311229	3190,55
08.02.2021	180311230	2383,30
08.02.2021	180312157	2575,50
08.02.2021	180313124	2734,07
08.02.2021	180313242	1081,13
08.02.2021	180313296	1306,98
08.02.2021	180313297	2103,27
08.02.2021	180314046	2292,00
08.02.2021	180316070	3012,76
08.02.2021	180401087	232,22
08.02.2021	180402151	2051,44
08.02.2021	180402159	1859,55
08.02.2021	180403023	725,56
08.02.2021	180404024	2070,97
08.02.2021	180405051	2609,14
08.02.2021	180407053	1464,09
08.02.2021	180409078	1960,46
08.02.2021	180409079	1475,14
08.02.2021	180410028	1013,87
08.02.2021	180410082	3277,05
08.02.2021	180410090	2634,48
08.02.2021	180411013	2070,97
08.02.2021	180411166	888,94
08.02.2021	180412137	2969,52
08.02.2021	180412176	1114,26
08.02.2021	180412270	2839,78
08.02.2021	180414212	2418,54
08.02.2021	180415001	2733,82
08.02.2021	180415070	2664,72
08.02.2021	180415073	1489,56
08.02.2021	180421093	528,55
08.02.2021	180422171	915,59
08.02.2021	180422302	2824,51
08.02.2021	180422357	1965,07
08.02.2021	180422394	2643,12
08.02.2021	180601042	1023,57
08.02.2021	180616151	965,81
08.02.2021	180616169	3180,94
08.02.2021	180616170	3565,34
08.02.2021	180616171	3387,56
08.02.2021	180623088	2460,19
08.02.2021	180623089	2637,97
08.02.2021	180704189	639,19
08.02.2021	180709034	961,01
08.02.2021	180709079	906,95
08.02.2021	180709174	2066,17
08.02.2021	180711199	2022,93
08.02.2021	180715110	3692,60
08.02.2021	180716009	3310,67
08.02.2021	180716030	2548,11
08.02.2021	180721063	2604,33
08.02.2021	180721138	3238,60
08.02.2021	180721203	62,47
08.02.2021	180802146	1090,75
08.02.2021	180802222	1614,50
08.02.2021	180803938	586,22
08.02.2021	180812201	3152,74
08.02.2021	180911161	1287,01
08.02.2021	180913969	682,32
08.02.2021	180914200	2354,47
08.02.2021	180915055	1984,48
08.02.2021	180916114	2287,20
08.02.2021	180917017	759,19
08.02.2021	180917019	2522,65
08.02.2021	180917309	1994,09
08.02.2021	181006177	3747,93
08.02.2021	181006180	2673,36
08.02.2021	181010197	3005,90
08.02.2021	181010203	1053,79
08.02.2021	181012010	2950,31
08.02.2021	181012157	1133,99
08.02.2021	181015197	3342,77
08.02.2021	181016117	1161,77
08.02.2021	181016165	1792,28
08.02.2021	181016169	1638,52
08.02.2021	181019139	1215,68
08.02.2021	181022091	1715,40
08.02.2021	181101152	913,71
08.02.2021	181102033	2811,56
08.02.2021	181102137	3770,34
08.02.2021	181102203	1382,03
08.02.2021	181802205	2181,49
08.02.2021	181803018	2460,19
08.02.2021	181813122	539,86
08.02.2021	181819047	3226,17
08.02.2021	200105169	1377,71
08.02.2021	200107096	3277,99
08.02.2021	200109200	1744,23
08.02.2021	200111080	144,15
08.02.2021	200208096	1768,25
08.02.2021	200209081	2921,46
08.02.2021	200501178	3022,37
08.02.2021	200504114	91,30
08.02.2021	211301001	3260,72
08.02.2021	211301005	1225,29
08.02.2021	211301089	3783,29
08.02.2021	211301215	2777,32
08.02.2021	211302097	2634,48
08.02.2021	211303102	2916,66
08.02.2021	211303210	3368,68
08.02.2021	211303211	2755,41
08.02.2021	211304043	2239,15
08.02.2021	211307007	3381,65
08.02.2021	211307053	2193,96
08.02.2021	211308011	3406,78
08.02.2021	211308012	975,42
08.02.2021	211308014	288,30
08.02.2021	211308052	306,64
08.02.2021	211308102	552,81
08.02.2021	211308113	2671,60
08.02.2021	211309163	3685,47
08.02.2021	211309164	1729,82
08.02.2021	211310052	336,87
08.02.2021	211310065	2107,59
08.02.2021	211310246	1335,80
08.02.2021	211311071	2248,76
08.02.2021	211313009	3515,52
08.02.2021	211313022	3049,09
08.02.2021	211313138	2457,42
08.02.2021	211313190	2055,76
08.02.2021	211314046	1433,85
08.02.2021	211314113	3498,25
08.02.2021	211315180	1433,85
08.02.2021	211316008	1369,07
08.02.2021	211316049	1600,08
08.02.2021	211317192	336,87
08.02.2021	211318018	3685,47
08.02.2021	211318021	3459,63
08.02.2021	211328224	1140,17
08.02.2021	211328245	1897,99
08.02.2021	211329149	2846,11
08.02.2021	211329151	1585,02
08.02.2021	211330080	2332,16
08.02.2021	211405168	3176,14
08.02.2021	211408169	3401,97
08.02.2021	211416113	2163,73
08.02.2021	211419101	3563,04
08.02.2021	211503042	2724,45
08.02.2021	211505158	2107,59
08.02.2021	211507058	3152,74
08.02.2021	211507198	985,04
08.02.2021	230107218	298,01
08.02.2021	230110007	4,32
08.02.2021	230113228	480,51
08.02.2021	230114056	1393,46
08.02.2021	230114169	643,88
08.02.2021	230114185	1760,69
08.02.2021	230115051	360,38
08.02.2021	230115243	2820,56
08.02.2021	230115310	3104,06
08.02.2021	230115330	153,76
08.02.2021	230115433	2700,44
08.02.2021	230116529	100,91
08.02.2021	230117029	557,38
08.02.2021	230209002	1859,55
08.02.2021	230210139	2215,12
08.02.2021	230210231	264,29
08.02.2021	230213178	2873,42
08.02.2021	230306082	514,14
08.02.2021	230306124	1494,32
08.02.2021	230306322	2349,44
08.02.2021	230307009	1331,00
08.02.2021	230307138	1593,65
08.02.2021	230307186	1312,93
08.02.2021	230308138	3627,81
08.02.2021	230309118	1010,61
08.02.2021	230310027	2618,75
08.02.2021	230310244	2248,76
08.02.2021	230311235	67,28
08.02.2021	230401124	3377,95
09.02.2021	230401131	2954,08
09.02.2021	230401201	2940,68
09.02.2021	230506251	1547,23
09.02.2021	230506252	3233,79
09.02.2021	230514098	2591,29
09.02.2021	230515073	2407,33
09.02.2021	230515108	2599,93
09.02.2021	230601058	3123,28
09.02.2021	230614019	2282,40
09.02.2021	230702014	2280,34
09.02.2021	230719073	1490,00
09.02.2021	230719142	509,33
09.02.2021	230902031	5266,33
09.02.2021	230902210	64,78
09.02.2021	230903063	1943,47
09.02.2021	230903094	2205,51
09.02.2021	230903148	2066,17
09.02.2021	230903155	2191,10
09.02.2021	230903178	2272,79
09.02.2021	240117008	60,46
09.02.2021	240120038	2016,90
09.02.2021	240120134	1883,58
09.02.2021	240629018	2834,97
09.02.2021	240629053	4968,42
09.02.2021	242043309	3290,95
09.02.2021	242043329	3863,26
09.02.2021	242043336	3385,96
09.02.2021	242043341	3574,96
09.02.2021	242144100	2392,91
09.02.2021	242144156	1593,65
09.02.2021	242346387	1018,67
09.02.2021	242447247	207,31
09.02.2021	242750425	2172,37
09.02.2021	243030079	1960,46
09.02.2021	243030132	1902,79
09.02.2021	243030202	1356,56
09.02.2021	243030206	3421,19
09.02.2021	250105030	1926,83
09.02.2021	250105051	2445,77
09.02.2021	250105052	2791,73
09.02.2021	250109021	2335,25
09.02.2021	250111170	5295,16
09.02.2021	250112055	1801,89
09.02.2021	250127042	2786,93
09.02.2021	250127043	2272,79
09.02.2021	250127055	2330,46
09.02.2021	250127059	2637,97
09.02.2021	250127060	2445,77
09.02.2021	250127061	3176,14
09.02.2021	250127062	1725,01
09.02.2021	250128110	2239,15
09.02.2021	250131071	4886,73
05.02.2021	250131116	3421,19
09.02.2021	250132030	8210,09
09.02.2021	250301012	2940,68
09.02.2021	250301059	2988,74
09.02.2021	250301066	1854,74
09.02.2021	250301106	3051,21
09.02.2021	250301107	2825,36
09.02.2021	250301108	3036,79
09.02.2021	250301109	2863,81
09.02.2021	250301110	1417,50
09.02.2021	250303097	1407,88
